No  --1 3 2, 25 3 26
No  --1 4 2, 25 4 26
No  --1 4 3, 25 4 27
No  --1 5 2, 25 5 26
No  --1 5 3, 25 5 27
No  --1 5 4, 25 5 28
No  --1 6 2, 25 6 26
No  --1 6 3, 25 6 27
No  --1 6 4, 25 6 28
No  --1 6 5, 25 6 29
No  --1 7 2, 25 7 26
No  --1 7 3, 25 7 27
No  --1 7 4, 25 7 28
No  --1 7 5, 25 7 29
No  --1 7 6, 25 7 30
No  --1 8 2, 25 8 26
No  --1 8 3, 25 8 27
No  --1 8 4, 25 8 28
No  --1 8 5, 25 8 29
No  --1 8 6, 25 8 30
No  --1 8 7, 25 8 31
No  --1 9 2, 25 9 26
No  --1 9 3, 25 9 27
No  --1 9 4, 25 9 28
No  --1 9 5, 25 9 29
No  --1 9 6, 25 9 30
No  --1 9 7, 25 9 31
No  --1 9 8, 25 9 32
No  --1 10 2, 25 10 26
No  --1 10 3, 25 10 27
No  --1 10 4, 25 10 28
No  --1 10 5, 25 10 29
No  --1 10 6, 25 10 30
No  --1 10 7, 25 10 31
No  --1 10 8, 25 10 32
No  --1 10 9, 25 10 33
No  --1 11 2, 25 11 26
No  --1 11 3, 25 11 27
No  --1 11 4, 25 11 28
No  --1 11 5, 25 11 29
No  --1 11 6, 25 11 30
No  --1 11 7, 25 11 31
No  --1 11 8, 25 11 32
No  --1 11 9, 25 11 33
No  --1 11 10, 25 11 34
No  --1 12 2, 25 12 26
No  --1 12 3, 25 12 27
No  --1 12 4, 25 12 28
No  --1 12 5, 25 12 29
No  --1 12 6, 25 12 30
No  --1 12 7, 25 12 31
No  --1 12 8, 25 12 32
No  --1 12 9, 25 12 33
No  --1 12 10, 25 12 34
No  --1 12 11, 25 12 35
No  --1 13 2, 25 13 26
No  --1 13 3, 25 13 27
No  --1 13 4, 25 13 28
No  --1 13 5, 25 13 29
No  --1 13 6, 25 13 30
No  --1 13 7, 25 13 31
No  --1 13 8, 25 13 32
No  --1 13 9, 25 13 33
No  --1 13 10, 25 13 34
No  --1 13 11, 25 13 35
No  --1 13 12, 25 13 36
No  --1 14 2, 25 14 26
No  --1 14 3, 25 14 27
No  --1 14 4, 25 14 28
No  --1 14 5, 25 14 29
No  --1 14 6, 25 14 30
No  --1 14 7, 25 14 31
No  --1 14 8, 25 14 32
No  --1 14 9, 25 14 33
No  --1 14 10, 25 14 34
No  --1 14 11, 25 14 35
No  --1 14 12, 25 14 36
No  --1 14 13, 25 14 37
No  --1 15 2, 25 15 26
No  --1 15 3, 25 15 27
No  --1 15 4, 25 15 28
No  --1 15 5, 25 15 29
No  --1 15 6, 25 15 30
No  --1 15 7, 25 15 31
No  --1 15 8, 25 15 32
No  --1 15 9, 25 15 33
No  --1 15 10, 25 15 34
No  --1 15 11, 25 15 35
No  --1 15 12, 25 15 36
No  --1 15 13, 25 15 37
No  --1 15 14, 25 15 38
No  --1 16 2, 25 16 26
No  --1 16 3, 25 16 27
No  --1 16 4, 25 16 28
No  --1 16 5, 25 16 29
No  --1 16 6, 25 16 30
No  --1 16 7, 25 16 31
No  --1 16 8, 25 16 32
No  --1 16 9, 25 16 33
No  --1 16 10, 25 16 34
No  --1 16 11, 25 16 35
No  --1 16 12, 25 16 36
No  --1 16 13, 25 16 37
No  --1 16 14, 25 16 38
No  --1 16 15, 25 16 39
No  --1 17 2, 25 17 26
No  --1 17 3, 25 17 27
No  --1 17 4, 25 17 28
No  --1 17 5, 25 17 29
No  --1 17 6, 25 17 30
No  --1 17 7, 25 17 31
No  --1 17 8, 25 17 32
No  --1 17 9, 25 17 33
No  --1 17 10, 25 17 34
No  --1 17 11, 25 17 35
No  --1 17 12, 25 17 36
No  --1 17 13, 25 17 37
No  --1 17 14, 25 17 38
No  --1 17 15, 25 17 39
No  --1 17 16, 25 17 40
No  --1 18 2, 25 18 26
No  --1 18 3, 25 18 27
No  --1 18 4, 25 18 28
No  --1 18 5, 25 18 29
No  --1 18 6, 25 18 30
No  --1 18 7, 25 18 31
No  --1 18 8, 25 18 32
No  --1 18 9, 25 18 33
No  --1 18 10, 25 18 34
No  --1 18 11, 25 18 35
No  --1 18 12, 25 18 36
No  --1 18 13, 25 18 37
No  --1 18 14, 25 18 38
No  --1 18 15, 25 18 39
No  --1 18 16, 25 18 40
No  --1 18 17, 25 18 41
No  --1 19 2, 25 19 26
No  --1 19 3, 25 19 27
No  --1 19 4, 25 19 28
No  --1 19 5, 25 19 29
No  --1 19 6, 25 19 30
No  --1 19 7, 25 19 31
No  --1 19 8, 25 19 32
No  --1 19 9, 25 19 33
No  --1 19 10, 25 19 34
No  --1 19 11, 25 19 35
No  --1 19 12, 25 19 36
No  --1 19 13, 25 19 37
No  --1 19 14, 25 19 38
No  --1 19 15, 25 19 39
No  --1 19 16, 25 19 40
No  --1 19 17, 25 19 41
No  --1 19 18, 25 19 42
No  --1 20 2, 25 20 26
No  --1 20 3, 25 20 27
No  --1 20 4, 25 20 28
No  --1 20 5, 25 20 29
No  --1 20 6, 25 20 30
No  --1 20 7, 25 20 31
No  --1 20 8, 25 20 32
No  --1 20 9, 25 20 33
No  --1 20 10, 25 20 34
No  --1 20 11, 25 20 35
No  --1 20 12, 25 20 36
No  --1 20 13, 25 20 37
No  --1 20 14, 25 20 38
No  --1 20 15, 25 20 39
No  --1 20 16, 25 20 40
No  --1 20 17, 25 20 41
No  --1 20 18, 25 20 42
No  --1 20 19, 25 20 43
No  --1 21 2, 25 21 26
No  --1 21 3, 25 21 27
No  --1 21 4, 25 21 28
No  --1 21 5, 25 21 29
No  --1 21 6, 25 21 30
No  --1 21 7, 25 21 31
No  --1 21 8, 25 21 32
No  --1 21 9, 25 21 33
No  --1 21 10, 25 21 34
No  --1 21 11, 25 21 35
No  --1 21 12, 25 21 36
No  --1 21 13, 25 21 37
No  --1 21 14, 25 21 38
No  --1 21 15, 25 21 39
No  --1 21 16, 25 21 40
No  --1 21 17, 25 21 41
No  --1 21 18, 25 21 42
No  --1 21 19, 25 21 43
No  --1 21 20, 25 21 44
No  --1 22 2, 25 22 26
No  --1 22 3, 25 22 27
No  --1 22 4, 25 22 28
No  --1 22 5, 25 22 29
No  --1 22 6, 25 22 30
No  --1 22 7, 25 22 31
No  --1 22 8, 25 22 32
No  --1 22 9, 25 22 33
No  --1 22 10, 25 22 34
No  --1 22 11, 25 22 35
No  --1 22 12, 25 22 36
No  --1 22 13, 25 22 37
No  --1 22 14, 25 22 38
No  --1 22 15, 25 22 39
No  --1 22 16, 25 22 40
No  --1 22 17, 25 22 41
No  --1 22 18, 25 22 42
No  --1 22 19, 25 22 43
No  --1 22 20, 25 22 44
No  --1 22 21, 25 22 45
No  --1 23 2, 25 23 26
No  --1 23 3, 25 23 27
No  --1 23 4, 25 23 28
No  --1 23 5, 25 23 29
No  --1 23 6, 25 23 30
No  --1 23 7, 25 23 31
No  --1 23 8, 25 23 32
No  --1 23 9, 25 23 33
No  --1 23 10, 25 23 34
No  --1 23 11, 25 23 35
No  --1 23 12, 25 23 36
No  --1 23 13, 25 23 37
No  --1 23 14, 25 23 38
No  --1 23 15, 25 23 39
No  --1 23 16, 25 23 40
No  --1 23 17, 25 23 41
No  --1 23 18, 25 23 42
No  --1 23 19, 25 23 43
No  --1 23 20, 25 23 44
No  --1 23 21, 25 23 45
No  --1 23 22, 25 23 46
No  --1 24 2, 25 24 26
No  --1 24 3, 25 24 27
No  --1 24 4, 25 24 28
No  --1 24 5, 25 24 29
No  --1 24 6, 25 24 30
No  --1 24 7, 25 24 31
No  --1 24 8, 25 24 32
No  --1 24 9, 25 24 33
No  --1 24 10, 25 24 34
No  --1 24 11, 25 24 35
No  --1 24 12, 25 24 36
No  --1 24 13, 25 24 37
No  --1 24 14, 25 24 38
No  --1 24 15, 25 24 39
No  --1 24 16, 25 24 40
No  --1 24 17, 25 24 41
No  --1 24 18, 25 24 42
No  --1 24 19, 25 24 43
No  --1 24 20, 25 24 44
No  --1 24 21, 25 24 45
No  --1 24 22, 25 24 46
No  --1 24 23, 25 24 47
No  --2 1 3, 2 1 3
No  --2 1 4, 2 1 4
No  --2 1 5, 2 1 5
No  --2 1 6, 2 1 6
No  --2 1 7, 2 1 7
No  --2 1 8, 2 1 8
No  --2 1 9, 2 1 9
No  --2 1 10, 2 1 10
No  --2 1 11, 2 1 11
No  --2 1 12, 2 1 12
No  --2 1 13, 2 1 13
No  --2 1 14, 2 1 14
No  --2 1 15, 2 1 15
No  --2 1 16, 2 1 16
No  --2 1 17, 2 1 17
No  --2 1 18, 2 1 18
No  --2 1 19, 2 1 19
No  --2 1 20, 2 1 20
No  --2 1 21, 2 1 21
No  --2 1 22, 2 1 22
No  --2 1 23, 2 1 23
No  --2 1 24, 2 1 24
No  --2 4 3, 26 4 27
No  --2 5 3, 26 5 27
No  --2 5 4, 26 5 28
No  --2 6 3, 26 6 27
No  --2 6 4, 26 6 28
No  --2 6 5, 26 6 29
No  --2 7 3, 26 7 27
No  --2 7 4, 26 7 28
No  --2 7 5, 26 7 29
No  --2 7 6, 26 7 30
No  --2 8 3, 26 8 27
No  --2 8 4, 26 8 28
No  --2 8 5, 26 8 29
No  --2 8 6, 26 8 30
No  --2 8 7, 26 8 31
No  --2 9 3, 26 9 27
No  --2 9 4, 26 9 28
No  --2 9 5, 26 9 29
No  --2 9 6, 26 9 30
No  --2 9 7, 26 9 31
No  --2 9 8, 26 9 32
No  --2 10 3, 26 10 27
No  --2 10 4, 26 10 28
No  --2 10 5, 26 10 29
No  --2 10 6, 26 10 30
No  --2 10 7, 26 10 31
No  --2 10 8, 26 10 32
No  --2 10 9, 26 10 33
No  --2 11 3, 26 11 27
No  --2 11 4, 26 11 28
No  --2 11 5, 26 11 29
No  --2 11 6, 26 11 30
No  --2 11 7, 26 11 31
No  --2 11 8, 26 11 32
No  --2 11 9, 26 11 33
No  --2 11 10, 26 11 34
No  --2 12 3, 26 12 27
No  --2 12 4, 26 12 28
No  --2 12 5, 26 12 29
No  --2 12 6, 26 12 30
No  --2 12 7, 26 12 31
No  --2 12 8, 26 12 32
No  --2 12 9, 26 12 33
No  --2 12 10, 26 12 34
No  --2 12 11, 26 12 35
No  --2 13 3, 26 13 27
No  --2 13 4, 26 13 28
No  --2 13 5, 26 13 29
No  --2 13 6, 26 13 30
No  --2 13 7, 26 13 31
No  --2 13 8, 26 13 32
No  --2 13 9, 26 13 33
No  --2 13 10, 26 13 34
No  --2 13 11, 26 13 35
No  --2 13 12, 26 13 36
No  --2 14 3, 26 14 27
No  --2 14 4, 26 14 28
No  --2 14 5, 26 14 29
No  --2 14 6, 26 14 30
No  --2 14 7, 26 14 31
No  --2 14 8, 26 14 32
No  --2 14 9, 26 14 33
No  --2 14 10, 26 14 34
No  --2 14 11, 26 14 35
No  --2 14 12, 26 14 36
No  --2 14 13, 26 14 37
No  --2 15 3, 26 15 27
No  --2 15 4, 26 15 28
No  --2 15 5, 26 15 29
No  --2 15 6, 26 15 30
No  --2 15 7, 26 15 31
No  --2 15 8, 26 15 32
No  --2 15 9, 26 15 33
No  --2 15 10, 26 15 34
No  --2 15 11, 26 15 35
No  --2 15 12, 26 15 36
No  --2 15 13, 26 15 37
No  --2 15 14, 26 15 38
No  --2 16 3, 26 16 27
No  --2 16 4, 26 16 28
No  --2 16 5, 26 16 29
No  --2 16 6, 26 16 30
No  --2 16 7, 26 16 31
No  --2 16 8, 26 16 32
No  --2 16 9, 26 16 33
No  --2 16 10, 26 16 34
No  --2 16 11, 26 16 35
No  --2 16 12, 26 16 36
No  --2 16 13, 26 16 37
No  --2 16 14, 26 16 38
No  --2 16 15, 26 16 39
No  --2 17 3, 26 17 27
No  --2 17 4, 26 17 28
No  --2 17 5, 26 17 29
No  --2 17 6, 26 17 30
No  --2 17 7, 26 17 31
No  --2 17 8, 26 17 32
No  --2 17 9, 26 17 33
No  --2 17 10, 26 17 34
No  --2 17 11, 26 17 35
No  --2 17 12, 26 17 36
No  --2 17 13, 26 17 37
No  --2 17 14, 26 17 38
No  --2 17 15, 26 17 39
No  --2 17 16, 26 17 40
No  --2 18 3, 26 18 27
No  --2 18 4, 26 18 28
No  --2 18 5, 26 18 29
No  --2 18 6, 26 18 30
No  --2 18 7, 26 18 31
No  --2 18 8, 26 18 32
No  --2 18 9, 26 18 33
No  --2 18 10, 26 18 34
No  --2 18 11, 26 18 35
No  --2 18 12, 26 18 36
No  --2 18 13, 26 18 37
No  --2 18 14, 26 18 38
No  --2 18 15, 26 18 39
No  --2 18 16, 26 18 40
No  --2 18 17, 26 18 41
No  --2 19 3, 26 19 27
No  --2 19 4, 26 19 28
No  --2 19 5, 26 19 29
No  --2 19 6, 26 19 30
No  --2 19 7, 26 19 31
No  --2 19 8, 26 19 32
No  --2 19 9, 26 19 33
No  --2 19 10, 26 19 34
No  --2 19 11, 26 19 35
No  --2 19 12, 26 19 36
No  --2 19 13, 26 19 37
No  --2 19 14, 26 19 38
No  --2 19 15, 26 19 39
No  --2 19 16, 26 19 40
No  --2 19 17, 26 19 41
No  --2 19 18, 26 19 42
No  --2 20 3, 26 20 27
No  --2 20 4, 26 20 28
No  --2 20 5, 26 20 29
No  --2 20 6, 26 20 30
No  --2 20 7, 26 20 31
No  --2 20 8, 26 20 32
No  --2 20 9, 26 20 33
No  --2 20 10, 26 20 34
No  --2 20 11, 26 20 35
No  --2 20 12, 26 20 36
No  --2 20 13, 26 20 37
No  --2 20 14, 26 20 38
No  --2 20 15, 26 20 39
No  --2 20 16, 26 20 40
No  --2 20 17, 26 20 41
No  --2 20 18, 26 20 42
No  --2 20 19, 26 20 43
No  --2 21 3, 26 21 27
No  --2 21 4, 26 21 28
No  --2 21 5, 26 21 29
No  --2 21 6, 26 21 30
No  --2 21 7, 26 21 31
No  --2 21 8, 26 21 32
No  --2 21 9, 26 21 33
No  --2 21 10, 26 21 34
No  --2 21 11, 26 21 35
No  --2 21 12, 26 21 36
No  --2 21 13, 26 21 37
No  --2 21 14, 26 21 38
No  --2 21 15, 26 21 39
No  --2 21 16, 26 21 40
No  --2 21 17, 26 21 41
No  --2 21 18, 26 21 42
No  --2 21 19, 26 21 43
No  --2 21 20, 26 21 44
No  --2 22 3, 26 22 27
No  --2 22 4, 26 22 28
No  --2 22 5, 26 22 29
No  --2 22 6, 26 22 30
No  --2 22 7, 26 22 31
No  --2 22 8, 26 22 32
No  --2 22 9, 26 22 33
No  --2 22 10, 26 22 34
No  --2 22 11, 26 22 35
No  --2 22 12, 26 22 36
No  --2 22 13, 26 22 37
No  --2 22 14, 26 22 38
No  --2 22 15, 26 22 39
No  --2 22 16, 26 22 40
No  --2 22 17, 26 22 41
No  --2 22 18, 26 22 42
No  --2 22 19, 26 22 43
No  --2 22 20, 26 22 44
No  --2 22 21, 26 22 45
No  --2 23 3, 26 23 27
No  --2 23 4, 26 23 28
No  --2 23 5, 26 23 29
No  --2 23 6, 26 23 30
No  --2 23 7, 26 23 31
No  --2 23 8, 26 23 32
No  --2 23 9, 26 23 33
No  --2 23 10, 26 23 34
No  --2 23 11, 26 23 35
No  --2 23 12, 26 23 36
No  --2 23 13, 26 23 37
No  --2 23 14, 26 23 38
No  --2 23 15, 26 23 39
No  --2 23 16, 26 23 40
No  --2 23 17, 26 23 41
No  --2 23 18, 26 23 42
No  --2 23 19, 26 23 43
No  --2 23 20, 26 23 44
No  --2 23 21, 26 23 45
No  --2 23 22, 26 23 46
No  --2 24 3, 26 24 27
No  --2 24 4, 26 24 28
No  --2 24 5, 26 24 29
No  --2 24 6, 26 24 30
No  --2 24 7, 26 24 31
No  --2 24 8, 26 24 32
No  --2 24 9, 26 24 33
No  --2 24 10, 26 24 34
No  --2 24 11, 26 24 35
No  --2 24 12, 26 24 36
No  --2 24 13, 26 24 37
No  --2 24 14, 26 24 38
No  --2 24 15, 26 24 39
No  --2 24 16, 26 24 40
No  --2 24 17, 26 24 41
No  --2 24 18, 26 24 42
No  --2 24 19, 26 24 43
No  --2 24 20, 26 24 44
No  --2 24 21, 26 24 45
No  --2 24 22, 26 24 46
No  --2 24 23, 26 24 47
No  --3 1 4, 3 1 4
No  --3 1 5, 3 1 5
No  --3 1 6, 3 1 6
No  --3 1 7, 3 1 7
No  --3 1 8, 3 1 8
No  --3 1 9, 3 1 9
No  --3 1 10, 3 1 10
No  --3 1 11, 3 1 11
No  --3 1 12, 3 1 12
No  --3 1 13, 3 1 13
No  --3 1 14, 3 1 14
No  --3 1 15, 3 1 15
No  --3 1 16, 3 1 16
No  --3 1 17, 3 1 17
No  --3 1 18, 3 1 18
No  --3 1 19, 3 1 19
No  --3 1 20, 3 1 20
No  --3 1 21, 3 1 21
No  --3 1 22, 3 1 22
No  --3 1 23, 3 1 23
No  --3 1 24, 3 1 24
No  --3 2 4, 3 2 4
No  --3 2 5, 3 2 5
No  --3 2 6, 3 2 6
No  --3 2 7, 3 2 7
No  --3 2 8, 3 2 8
No  --3 2 9, 3 2 9
No  --3 2 10, 3 2 10
No  --3 2 11, 3 2 11
No  --3 2 12, 3 2 12
No  --3 2 13, 3 2 13
No  --3 2 14, 3 2 14
No  --3 2 15, 3 2 15
No  --3 2 16, 3 2 16
No  --3 2 17, 3 2 17
No  --3 2 18, 3 2 18
No  --3 2 19, 3 2 19
No  --3 2 20, 3 2 20
No  --3 2 21, 3 2 21
No  --3 2 22, 3 2 22
No  --3 2 23, 3 2 23
No  --3 2 24, 3 2 24
No  --3 5 4, 27 5 28
No  --3 6 4, 27 6 28
No  --3 6 5, 27 6 29
No  --3 7 4, 27 7 28
No  --3 7 5, 27 7 29
No  --3 7 6, 27 7 30
No  --3 8 4, 27 8 28
No  --3 8 5, 27 8 29
No  --3 8 6, 27 8 30
No  --3 8 7, 27 8 31
No  --3 9 4, 27 9 28
No  --3 9 5, 27 9 29
No  --3 9 6, 27 9 30
No  --3 9 7, 27 9 31
No  --3 9 8, 27 9 32
No  --3 10 4, 27 10 28
No  --3 10 5, 27 10 29
No  --3 10 6, 27 10 30
No  --3 10 7, 27 10 31
No  --3 10 8, 27 10 32
No  --3 10 9, 27 10 33
No  --3 11 4, 27 11 28
No  --3 11 5, 27 11 29
No  --3 11 6, 27 11 30
No  --3 11 7, 27 11 31
No  --3 11 8, 27 11 32
No  --3 11 9, 27 11 33
No  --3 11 10, 27 11 34
No  --3 12 4, 27 12 28
No  --3 12 5, 27 12 29
No  --3 12 6, 27 12 30
No  --3 12 7, 27 12 31
No  --3 12 8, 27 12 32
No  --3 12 9, 27 12 33
No  --3 12 10, 27 12 34
No  --3 12 11, 27 12 35
No  --3 13 4, 27 13 28
No  --3 13 5, 27 13 29
No  --3 13 6, 27 13 30
No  --3 13 7, 27 13 31
No  --3 13 8, 27 13 32
No  --3 13 9, 27 13 33
No  --3 13 10, 27 13 34
No  --3 13 11, 27 13 35
No  --3 13 12, 27 13 36
No  --3 14 4, 27 14 28
No  --3 14 5, 27 14 29
No  --3 14 6, 27 14 30
No  --3 14 7, 27 14 31
No  --3 14 8, 27 14 32
No  --3 14 9, 27 14 33
No  --3 14 10, 27 14 34
No  --3 14 11, 27 14 35
No  --3 14 12, 27 14 36
No  --3 14 13, 27 14 37
No  --3 15 4, 27 15 28
No  --3 15 5, 27 15 29
No  --3 15 6, 27 15 30
No  --3 15 7, 27 15 31
No  --3 15 8, 27 15 32
No  --3 15 9, 27 15 33
No  --3 15 10, 27 15 34
No  --3 15 11, 27 15 35
No  --3 15 12, 27 15 36
No  --3 15 13, 27 15 37
No  --3 15 14, 27 15 38
No  --3 16 4, 27 16 28
No  --3 16 5, 27 16 29
No  --3 16 6, 27 16 30
No  --3 16 7, 27 16 31
No  --3 16 8, 27 16 32
No  --3 16 9, 27 16 33
No  --3 16 10, 27 16 34
No  --3 16 11, 27 16 35
No  --3 16 12, 27 16 36
No  --3 16 13, 27 16 37
No  --3 16 14, 27 16 38
No  --3 16 15, 27 16 39
No  --3 17 4, 27 17 28
No  --3 17 5, 27 17 29
No  --3 17 6, 27 17 30
No  --3 17 7, 27 17 31
No  --3 17 8, 27 17 32
No  --3 17 9, 27 17 33
No  --3 17 10, 27 17 34
No  --3 17 11, 27 17 35
No  --3 17 12, 27 17 36
No  --3 17 13, 27 17 37
No  --3 17 14, 27 17 38
No  --3 17 15, 27 17 39
No  --3 17 16, 27 17 40
No  --3 18 4, 27 18 28
No  --3 18 5, 27 18 29
No  --3 18 6, 27 18 30
No  --3 18 7, 27 18 31
No  --3 18 8, 27 18 32
No  --3 18 9, 27 18 33
No  --3 18 10, 27 18 34
No  --3 18 11, 27 18 35
No  --3 18 12, 27 18 36
No  --3 18 13, 27 18 37
No  --3 18 14, 27 18 38
No  --3 18 15, 27 18 39
No  --3 18 16, 27 18 40
No  --3 18 17, 27 18 41
No  --3 19 4, 27 19 28
No  --3 19 5, 27 19 29
No  --3 19 6, 27 19 30
No  --3 19 7, 27 19 31
No  --3 19 8, 27 19 32
No  --3 19 9, 27 19 33
No  --3 19 10, 27 19 34
No  --3 19 11, 27 19 35
No  --3 19 12, 27 19 36
No  --3 19 13, 27 19 37
No  --3 19 14, 27 19 38
No  --3 19 15, 27 19 39
No  --3 19 16, 27 19 40
No  --3 19 17, 27 19 41
No  --3 19 18, 27 19 42
No  --3 20 4, 27 20 28
No  --3 20 5, 27 20 29
No  --3 20 6, 27 20 30
No  --3 20 7, 27 20 31
No  --3 20 8, 27 20 32
No  --3 20 9, 27 20 33
No  --3 20 10, 27 20 34
No  --3 20 11, 27 20 35
No  --3 20 12, 27 20 36
No  --3 20 13, 27 20 37
No  --3 20 14, 27 20 38
No  --3 20 15, 27 20 39
No  --3 20 16, 27 20 40
No  --3 20 17, 27 20 41
No  --3 20 18, 27 20 42
No  --3 20 19, 27 20 43
No  --3 21 4, 27 21 28
No  --3 21 5, 27 21 29
No  --3 21 6, 27 21 30
No  --3 21 7, 27 21 31
No  --3 21 8, 27 21 32
No  --3 21 9, 27 21 33
No  --3 21 10, 27 21 34
No  --3 21 11, 27 21 35
No  --3 21 12, 27 21 36
No  --3 21 13, 27 21 37
No  --3 21 14, 27 21 38
No  --3 21 15, 27 21 39
No  --3 21 16, 27 21 40
No  --3 21 17, 27 21 41
No  --3 21 18, 27 21 42
No  --3 21 19, 27 21 43
No  --3 21 20, 27 21 44
No  --3 22 4, 27 22 28
No  --3 22 5, 27 22 29
No  --3 22 6, 27 22 30
No  --3 22 7, 27 22 31
No  --3 22 8, 27 22 32
No  --3 22 9, 27 22 33
No  --3 22 10, 27 22 34
No  --3 22 11, 27 22 35
No  --3 22 12, 27 22 36
No  --3 22 13, 27 22 37
No  --3 22 14, 27 22 38
No  --3 22 15, 27 22 39
No  --3 22 16, 27 22 40
No  --3 22 17, 27 22 41
No  --3 22 18, 27 22 42
No  --3 22 19, 27 22 43
No  --3 22 20, 27 22 44
No  --3 22 21, 27 22 45
No  --3 23 4, 27 23 28
No  --3 23 5, 27 23 29
No  --3 23 6, 27 23 30
No  --3 23 7, 27 23 31
No  --3 23 8, 27 23 32
No  --3 23 9, 27 23 33
No  --3 23 10, 27 23 34
No  --3 23 11, 27 23 35
No  --3 23 12, 27 23 36
No  --3 23 13, 27 23 37
No  --3 23 14, 27 23 38
No  --3 23 15, 27 23 39
No  --3 23 16, 27 23 40
No  --3 23 17, 27 23 41
No  --3 23 18, 27 23 42
No  --3 23 19, 27 23 43
No  --3 23 20, 27 23 44
No  --3 23 21, 27 23 45
No  --3 23 22, 27 23 46
No  --3 24 4, 27 24 28
No  --3 24 5, 27 24 29
No  --3 24 6, 27 24 30
No  --3 24 7, 27 24 31
No  --3 24 8, 27 24 32
No  --3 24 9, 27 24 33
No  --3 24 10, 27 24 34
No  --3 24 11, 27 24 35
No  --3 24 12, 27 24 36
No  --3 24 13, 27 24 37
No  --3 24 14, 27 24 38
No  --3 24 15, 27 24 39
No  --3 24 16, 27 24 40
No  --3 24 17, 27 24 41
No  --3 24 18, 27 24 42
No  --3 24 19, 27 24 43
No  --3 24 20, 27 24 44
No  --3 24 21, 27 24 45
No  --3 24 22, 27 24 46
No  --3 24 23, 27 24 47
No  --4 1 5, 4 1 5
No  --4 1 6, 4 1 6
No  --4 1 7, 4 1 7
No  --4 1 8, 4 1 8
No  --4 1 9, 4 1 9
No  --4 1 10, 4 1 10
No  --4 1 11, 4 1 11
No  --4 1 12, 4 1 12
No  --4 1 13, 4 1 13
No  --4 1 14, 4 1 14
No  --4 1 15, 4 1 15
No  --4 1 16, 4 1 16
No  --4 1 17, 4 1 17
No  --4 1 18, 4 1 18
No  --4 1 19, 4 1 19
No  --4 1 20, 4 1 20
No  --4 1 21, 4 1 21
No  --4 1 22, 4 1 22
No  --4 1 23, 4 1 23
No  --4 1 24, 4 1 24
No  --4 2 5, 4 2 5
No  --4 2 6, 4 2 6
No  --4 2 7, 4 2 7
No  --4 2 8, 4 2 8
No  --4 2 9, 4 2 9
No  --4 2 10, 4 2 10
No  --4 2 11, 4 2 11
No  --4 2 12, 4 2 12
No  --4 2 13, 4 2 13
No  --4 2 14, 4 2 14
No  --4 2 15, 4 2 15
No  --4 2 16, 4 2 16
No  --4 2 17, 4 2 17
No  --4 2 18, 4 2 18
No  --4 2 19, 4 2 19
No  --4 2 20, 4 2 20
No  --4 2 21, 4 2 21
No  --4 2 22, 4 2 22
No  --4 2 23, 4 2 23
No  --4 2 24, 4 2 24
No  --4 3 5, 4 3 5
No  --4 3 6, 4 3 6
No  --4 3 7, 4 3 7
No  --4 3 8, 4 3 8
No  --4 3 9, 4 3 9
No  --4 3 10, 4 3 10
No  --4 3 11, 4 3 11
No  --4 3 12, 4 3 12
No  --4 3 13, 4 3 13
No  --4 3 14, 4 3 14
No  --4 3 15, 4 3 15
No  --4 3 16, 4 3 16
No  --4 3 17, 4 3 17
No  --4 3 18, 4 3 18
No  --4 3 19, 4 3 19
No  --4 3 20, 4 3 20
No  --4 3 21, 4 3 21
No  --4 3 22, 4 3 22
No  --4 3 23, 4 3 23
No  --4 3 24, 4 3 24
No  --4 6 5, 28 6 29
No  --4 7 5, 28 7 29
No  --4 7 6, 28 7 30
No  --4 8 5, 28 8 29
No  --4 8 6, 28 8 30
No  --4 8 7, 28 8 31
No  --4 9 5, 28 9 29
No  --4 9 6, 28 9 30
No  --4 9 7, 28 9 31
No  --4 9 8, 28 9 32
No  --4 10 5, 28 10 29
No  --4 10 6, 28 10 30
No  --4 10 7, 28 10 31
No  --4 10 8, 28 10 32
No  --4 10 9, 28 10 33
No  --4 11 5, 28 11 29
No  --4 11 6, 28 11 30
No  --4 11 7, 28 11 31
No  --4 11 8, 28 11 32
No  --4 11 9, 28 11 33
No  --4 11 10, 28 11 34
No  --4 12 5, 28 12 29
No  --4 12 6, 28 12 30
No  --4 12 7, 28 12 31
No  --4 12 8, 28 12 32
No  --4 12 9, 28 12 33
No  --4 12 10, 28 12 34
No  --4 12 11, 28 12 35
No  --4 13 5, 28 13 29
No  --4 13 6, 28 13 30
No  --4 13 7, 28 13 31
No  --4 13 8, 28 13 32
No  --4 13 9, 28 13 33
No  --4 13 10, 28 13 34
No  --4 13 11, 28 13 35
No  --4 13 12, 28 13 36
No  --4 14 5, 28 14 29
No  --4 14 6, 28 14 30
No  --4 14 7, 28 14 31
No  --4 14 8, 28 14 32
No  --4 14 9, 28 14 33
No  --4 14 10, 28 14 34
No  --4 14 11, 28 14 35
No  --4 14 12, 28 14 36
No  --4 14 13, 28 14 37
No  --4 15 5, 28 15 29
No  --4 15 6, 28 15 30
No  --4 15 7, 28 15 31
No  --4 15 8, 28 15 32
No  --4 15 9, 28 15 33
No  --4 15 10, 28 15 34
No  --4 15 11, 28 15 35
No  --4 15 12, 28 15 36
No  --4 15 13, 28 15 37
No  --4 15 14, 28 15 38
No  --4 16 5, 28 16 29
No  --4 16 6, 28 16 30
No  --4 16 7, 28 16 31
No  --4 16 8, 28 16 32
No  --4 16 9, 28 16 33
No  --4 16 10, 28 16 34
No  --4 16 11, 28 16 35
No  --4 16 12, 28 16 36
No  --4 16 13, 28 16 37
No  --4 16 14, 28 16 38
No  --4 16 15, 28 16 39
No  --4 17 5, 28 17 29
No  --4 17 6, 28 17 30
No  --4 17 7, 28 17 31
No  --4 17 8, 28 17 32
No  --4 17 9, 28 17 33
No  --4 17 10, 28 17 34
No  --4 17 11, 28 17 35
No  --4 17 12, 28 17 36
No  --4 17 13, 28 17 37
No  --4 17 14, 28 17 38
No  --4 17 15, 28 17 39
No  --4 17 16, 28 17 40
No  --4 18 5, 28 18 29
No  --4 18 6, 28 18 30
No  --4 18 7, 28 18 31
No  --4 18 8, 28 18 32
No  --4 18 9, 28 18 33
No  --4 18 10, 28 18 34
No  --4 18 11, 28 18 35
No  --4 18 12, 28 18 36
No  --4 18 13, 28 18 37
No  --4 18 14, 28 18 38
No  --4 18 15, 28 18 39
No  --4 18 16, 28 18 40
No  --4 18 17, 28 18 41
No  --4 19 5, 28 19 29
No  --4 19 6, 28 19 30
No  --4 19 7, 28 19 31
No  --4 19 8, 28 19 32
No  --4 19 9, 28 19 33
No  --4 19 10, 28 19 34
No  --4 19 11, 28 19 35
No  --4 19 12, 28 19 36
No  --4 19 13, 28 19 37
No  --4 19 14, 28 19 38
No  --4 19 15, 28 19 39
No  --4 19 16, 28 19 40
No  --4 19 17, 28 19 41
No  --4 19 18, 28 19 42
No  --4 20 5, 28 20 29
No  --4 20 6, 28 20 30
No  --4 20 7, 28 20 31
No  --4 20 8, 28 20 32
No  --4 20 9, 28 20 33
No  --4 20 10, 28 20 34
No  --4 20 11, 28 20 35
No  --4 20 12, 28 20 36
No  --4 20 13, 28 20 37
No  --4 20 14, 28 20 38
No  --4 20 15, 28 20 39
No  --4 20 16, 28 20 40
No  --4 20 17, 28 20 41
No  --4 20 18, 28 20 42
No  --4 20 19, 28 20 43
No  --4 21 5, 28 21 29
No  --4 21 6, 28 21 30
No  --4 21 7, 28 21 31
No  --4 21 8, 28 21 32
No  --4 21 9, 28 21 33
No  --4 21 10, 28 21 34
No  --4 21 11, 28 21 35
No  --4 21 12, 28 21 36
No  --4 21 13, 28 21 37
No  --4 21 14, 28 21 38
No  --4 21 15, 28 21 39
No  --4 21 16, 28 21 40
No  --4 21 17, 28 21 41
No  --4 21 18, 28 21 42
No  --4 21 19, 28 21 43
No  --4 21 20, 28 21 44
No  --4 22 5, 28 22 29
No  --4 22 6, 28 22 30
No  --4 22 7, 28 22 31
No  --4 22 8, 28 22 32
No  --4 22 9, 28 22 33
No  --4 22 10, 28 22 34
No  --4 22 11, 28 22 35
No  --4 22 12, 28 22 36
No  --4 22 13, 28 22 37
No  --4 22 14, 28 22 38
No  --4 22 15, 28 22 39
No  --4 22 16, 28 22 40
No  --4 22 17, 28 22 41
No  --4 22 18, 28 22 42
No  --4 22 19, 28 22 43
No  --4 22 20, 28 22 44
No  --4 22 21, 28 22 45
No  --4 23 5, 28 23 29
No  --4 23 6, 28 23 30
No  --4 23 7, 28 23 31
No  --4 23 8, 28 23 32
No  --4 23 9, 28 23 33
No  --4 23 10, 28 23 34
No  --4 23 11, 28 23 35
No  --4 23 12, 28 23 36
No  --4 23 13, 28 23 37
No  --4 23 14, 28 23 38
No  --4 23 15, 28 23 39
No  --4 23 16, 28 23 40
No  --4 23 17, 28 23 41
No  --4 23 18, 28 23 42
No  --4 23 19, 28 23 43
No  --4 23 20, 28 23 44
No  --4 23 21, 28 23 45
No  --4 23 22, 28 23 46
No  --4 24 5, 28 24 29
No  --4 24 6, 28 24 30
No  --4 24 7, 28 24 31
No  --4 24 8, 28 24 32
No  --4 24 9, 28 24 33
No  --4 24 10, 28 24 34
No  --4 24 11, 28 24 35
No  --4 24 12, 28 24 36
No  --4 24 13, 28 24 37
No  --4 24 14, 28 24 38
No  --4 24 15, 28 24 39
No  --4 24 16, 28 24 40
No  --4 24 17, 28 24 41
No  --4 24 18, 28 24 42
No  --4 24 19, 28 24 43
No  --4 24 20, 28 24 44
No  --4 24 21, 28 24 45
No  --4 24 22, 28 24 46
No  --4 24 23, 28 24 47
No  --5 1 6, 5 1 6
No  --5 1 7, 5 1 7
No  --5 1 8, 5 1 8
No  --5 1 9, 5 1 9
No  --5 1 10, 5 1 10
No  --5 1 11, 5 1 11
No  --5 1 12, 5 1 12
No  --5 1 13, 5 1 13
No  --5 1 14, 5 1 14
No  --5 1 15, 5 1 15
No  --5 1 16, 5 1 16
No  --5 1 17, 5 1 17
No  --5 1 18, 5 1 18
No  --5 1 19, 5 1 19
No  --5 1 20, 5 1 20
No  --5 1 21, 5 1 21
No  --5 1 22, 5 1 22
No  --5 1 23, 5 1 23
No  --5 1 24, 5 1 24
No  --5 2 6, 5 2 6
No  --5 2 7, 5 2 7
No  --5 2 8, 5 2 8
No  --5 2 9, 5 2 9
No  --5 2 10, 5 2 10
No  --5 2 11, 5 2 11
No  --5 2 12, 5 2 12
No  --5 2 13, 5 2 13
No  --5 2 14, 5 2 14
No  --5 2 15, 5 2 15
No  --5 2 16, 5 2 16
No  --5 2 17, 5 2 17
No  --5 2 18, 5 2 18
No  --5 2 19, 5 2 19
No  --5 2 20, 5 2 20
No  --5 2 21, 5 2 21
No  --5 2 22, 5 2 22
No  --5 2 23, 5 2 23
No  --5 2 24, 5 2 24
No  --5 3 6, 5 3 6
No  --5 3 7, 5 3 7
No  --5 3 8, 5 3 8
No  --5 3 9, 5 3 9
No  --5 3 10, 5 3 10
No  --5 3 11, 5 3 11
No  --5 3 12, 5 3 12
No  --5 3 13, 5 3 13
No  --5 3 14, 5 3 14
No  --5 3 15, 5 3 15
No  --5 3 16, 5 3 16
No  --5 3 17, 5 3 17
No  --5 3 18, 5 3 18
No  --5 3 19, 5 3 19
No  --5 3 20, 5 3 20
No  --5 3 21, 5 3 21
No  --5 3 22, 5 3 22
No  --5 3 23, 5 3 23
No  --5 3 24, 5 3 24
No  --5 4 6, 5 4 6
No  --5 4 7, 5 4 7
No  --5 4 8, 5 4 8
No  --5 4 9, 5 4 9
No  --5 4 10, 5 4 10
No  --5 4 11, 5 4 11
No  --5 4 12, 5 4 12
No  --5 4 13, 5 4 13
No  --5 4 14, 5 4 14
No  --5 4 15, 5 4 15
No  --5 4 16, 5 4 16
No  --5 4 17, 5 4 17
No  --5 4 18, 5 4 18
No  --5 4 19, 5 4 19
No  --5 4 20, 5 4 20
No  --5 4 21, 5 4 21
No  --5 4 22, 5 4 22
No  --5 4 23, 5 4 23
No  --5 4 24, 5 4 24
No  --5 7 6, 29 7 30
No  --5 8 6, 29 8 30
No  --5 8 7, 29 8 31
No  --5 9 6, 29 9 30
No  --5 9 7, 29 9 31
No  --5 9 8, 29 9 32
No  --5 10 6, 29 10 30
No  --5 10 7, 29 10 31
No  --5 10 8, 29 10 32
No  --5 10 9, 29 10 33
No  --5 11 6, 29 11 30
No  --5 11 7, 29 11 31
No  --5 11 8, 29 11 32
No  --5 11 9, 29 11 33
No  --5 11 10, 29 11 34
No  --5 12 6, 29 12 30
No  --5 12 7, 29 12 31
No  --5 12 8, 29 12 32
No  --5 12 9, 29 12 33
No  --5 12 10, 29 12 34
No  --5 12 11, 29 12 35
No  --5 13 6, 29 13 30
No  --5 13 7, 29 13 31
No  --5 13 8, 29 13 32
No  --5 13 9, 29 13 33
No  --5 13 10, 29 13 34
No  --5 13 11, 29 13 35
No  --5 13 12, 29 13 36
No  --5 14 6, 29 14 30
No  --5 14 7, 29 14 31
No  --5 14 8, 29 14 32
No  --5 14 9, 29 14 33
No  --5 14 10, 29 14 34
No  --5 14 11, 29 14 35
No  --5 14 12, 29 14 36
No  --5 14 13, 29 14 37
No  --5 15 6, 29 15 30
No  --5 15 7, 29 15 31
No  --5 15 8, 29 15 32
No  --5 15 9, 29 15 33
No  --5 15 10, 29 15 34
No  --5 15 11, 29 15 35
No  --5 15 12, 29 15 36
No  --5 15 13, 29 15 37
No  --5 15 14, 29 15 38
No  --5 16 6, 29 16 30
No  --5 16 7, 29 16 31
No  --5 16 8, 29 16 32
No  --5 16 9, 29 16 33
No  --5 16 10, 29 16 34
No  --5 16 11, 29 16 35
No  --5 16 12, 29 16 36
No  --5 16 13, 29 16 37
No  --5 16 14, 29 16 38
No  --5 16 15, 29 16 39
No  --5 17 6, 29 17 30
No  --5 17 7, 29 17 31
No  --5 17 8, 29 17 32
No  --5 17 9, 29 17 33
No  --5 17 10, 29 17 34
No  --5 17 11, 29 17 35
No  --5 17 12, 29 17 36
No  --5 17 13, 29 17 37
No  --5 17 14, 29 17 38
No  --5 17 15, 29 17 39
No  --5 17 16, 29 17 40
No  --5 18 6, 29 18 30
No  --5 18 7, 29 18 31
No  --5 18 8, 29 18 32
No  --5 18 9, 29 18 33
No  --5 18 10, 29 18 34
No  --5 18 11, 29 18 35
No  --5 18 12, 29 18 36
No  --5 18 13, 29 18 37
No  --5 18 14, 29 18 38
No  --5 18 15, 29 18 39
No  --5 18 16, 29 18 40
No  --5 18 17, 29 18 41
No  --5 19 6, 29 19 30
No  --5 19 7, 29 19 31
No  --5 19 8, 29 19 32
No  --5 19 9, 29 19 33
No  --5 19 10, 29 19 34
No  --5 19 11, 29 19 35
No  --5 19 12, 29 19 36
No  --5 19 13, 29 19 37
No  --5 19 14, 29 19 38
No  --5 19 15, 29 19 39
No  --5 19 16, 29 19 40
No  --5 19 17, 29 19 41
No  --5 19 18, 29 19 42
No  --5 20 6, 29 20 30
No  --5 20 7, 29 20 31
No  --5 20 8, 29 20 32
No  --5 20 9, 29 20 33
No  --5 20 10, 29 20 34
No  --5 20 11, 29 20 35
No  --5 20 12, 29 20 36
No  --5 20 13, 29 20 37
No  --5 20 14, 29 20 38
No  --5 20 15, 29 20 39
No  --5 20 16, 29 20 40
No  --5 20 17, 29 20 41
No  --5 20 18, 29 20 42
No  --5 20 19, 29 20 43
No  --5 21 6, 29 21 30
No  --5 21 7, 29 21 31
No  --5 21 8, 29 21 32
No  --5 21 9, 29 21 33
No  --5 21 10, 29 21 34
No  --5 21 11, 29 21 35
No  --5 21 12, 29 21 36
No  --5 21 13, 29 21 37
No  --5 21 14, 29 21 38
No  --5 21 15, 29 21 39
No  --5 21 16, 29 21 40
No  --5 21 17, 29 21 41
No  --5 21 18, 29 21 42
No  --5 21 19, 29 21 43
No  --5 21 20, 29 21 44
No  --5 22 6, 29 22 30
No  --5 22 7, 29 22 31
No  --5 22 8, 29 22 32
No  --5 22 9, 29 22 33
No  --5 22 10, 29 22 34
No  --5 22 11, 29 22 35
No  --5 22 12, 29 22 36
No  --5 22 13, 29 22 37
No  --5 22 14, 29 22 38
No  --5 22 15, 29 22 39
No  --5 22 16, 29 22 40
No  --5 22 17, 29 22 41
No  --5 22 18, 29 22 42
No  --5 22 19, 29 22 43
No  --5 22 20, 29 22 44
No  --5 22 21, 29 22 45
No  --5 23 6, 29 23 30
No  --5 23 7, 29 23 31
No  --5 23 8, 29 23 32
No  --5 23 9, 29 23 33
No  --5 23 10, 29 23 34
No  --5 23 11, 29 23 35
No  --5 23 12, 29 23 36
No  --5 23 13, 29 23 37
No  --5 23 14, 29 23 38
No  --5 23 15, 29 23 39
No  --5 23 16, 29 23 40
No  --5 23 17, 29 23 41
No  --5 23 18, 29 23 42
No  --5 23 19, 29 23 43
No  --5 23 20, 29 23 44
No  --5 23 21, 29 23 45
No  --5 23 22, 29 23 46
No  --5 24 6, 29 24 30
No  --5 24 7, 29 24 31
No  --5 24 8, 29 24 32
No  --5 24 9, 29 24 33
No  --5 24 10, 29 24 34
No  --5 24 11, 29 24 35
No  --5 24 12, 29 24 36
No  --5 24 13, 29 24 37
No  --5 24 14, 29 24 38
No  --5 24 15, 29 24 39
No  --5 24 16, 29 24 40
No  --5 24 17, 29 24 41
No  --5 24 18, 29 24 42
No  --5 24 19, 29 24 43
No  --5 24 20, 29 24 44
No  --5 24 21, 29 24 45
No  --5 24 22, 29 24 46
No  --5 24 23, 29 24 47
No  --6 1 7, 6 1 7
No  --6 1 8, 6 1 8
No  --6 1 9, 6 1 9
No  --6 1 10, 6 1 10
No  --6 1 11, 6 1 11
No  --6 1 12, 6 1 12
No  --6 1 13, 6 1 13
No  --6 1 14, 6 1 14
No  --6 1 15, 6 1 15
No  --6 1 16, 6 1 16
No  --6 1 17, 6 1 17
No  --6 1 18, 6 1 18
No  --6 1 19, 6 1 19
No  --6 1 20, 6 1 20
No  --6 1 21, 6 1 21
No  --6 1 22, 6 1 22
No  --6 1 23, 6 1 23
No  --6 1 24, 6 1 24
No  --6 2 7, 6 2 7
No  --6 2 8, 6 2 8
No  --6 2 9, 6 2 9
No  --6 2 10, 6 2 10
No  --6 2 11, 6 2 11
No  --6 2 12, 6 2 12
No  --6 2 13, 6 2 13
No  --6 2 14, 6 2 14
No  --6 2 15, 6 2 15
No  --6 2 16, 6 2 16
No  --6 2 17, 6 2 17
No  --6 2 18, 6 2 18
No  --6 2 19, 6 2 19
No  --6 2 20, 6 2 20
No  --6 2 21, 6 2 21
No  --6 2 22, 6 2 22
No  --6 2 23, 6 2 23
No  --6 2 24, 6 2 24
No  --6 3 7, 6 3 7
No  --6 3 8, 6 3 8
No  --6 3 9, 6 3 9
No  --6 3 10, 6 3 10
No  --6 3 11, 6 3 11
No  --6 3 12, 6 3 12
No  --6 3 13, 6 3 13
No  --6 3 14, 6 3 14
No  --6 3 15, 6 3 15
No  --6 3 16, 6 3 16
No  --6 3 17, 6 3 17
No  --6 3 18, 6 3 18
No  --6 3 19, 6 3 19
No  --6 3 20, 6 3 20
No  --6 3 21, 6 3 21
No  --6 3 22, 6 3 22
No  --6 3 23, 6 3 23
No  --6 3 24, 6 3 24
No  --6 4 7, 6 4 7
No  --6 4 8, 6 4 8
No  --6 4 9, 6 4 9
No  --6 4 10, 6 4 10
No  --6 4 11, 6 4 11
No  --6 4 12, 6 4 12
No  --6 4 13, 6 4 13
No  --6 4 14, 6 4 14
No  --6 4 15, 6 4 15
No  --6 4 16, 6 4 16
No  --6 4 17, 6 4 17
No  --6 4 18, 6 4 18
No  --6 4 19, 6 4 19
No  --6 4 20, 6 4 20
No  --6 4 21, 6 4 21
No  --6 4 22, 6 4 22
No  --6 4 23, 6 4 23
No  --6 4 24, 6 4 24
No  --6 5 7, 6 5 7
No  --6 5 8, 6 5 8
No  --6 5 9, 6 5 9
No  --6 5 10, 6 5 10
No  --6 5 11, 6 5 11
No  --6 5 12, 6 5 12
No  --6 5 13, 6 5 13
No  --6 5 14, 6 5 14
No  --6 5 15, 6 5 15
No  --6 5 16, 6 5 16
No  --6 5 17, 6 5 17
No  --6 5 18, 6 5 18
No  --6 5 19, 6 5 19
No  --6 5 20, 6 5 20
No  --6 5 21, 6 5 21
No  --6 5 22, 6 5 22
No  --6 5 23, 6 5 23
No  --6 5 24, 6 5 24
No  --6 8 7, 30 8 31
No  --6 9 7, 30 9 31
No  --6 9 8, 30 9 32
No  --6 10 7, 30 10 31
No  --6 10 8, 30 10 32
No  --6 10 9, 30 10 33
No  --6 11 7, 30 11 31
No  --6 11 8, 30 11 32
No  --6 11 9, 30 11 33
No  --6 11 10, 30 11 34
No  --6 12 7, 30 12 31
No  --6 12 8, 30 12 32
No  --6 12 9, 30 12 33
No  --6 12 10, 30 12 34
No  --6 12 11, 30 12 35
No  --6 13 7, 30 13 31
No  --6 13 8, 30 13 32
No  --6 13 9, 30 13 33
No  --6 13 10, 30 13 34
No  --6 13 11, 30 13 35
No  --6 13 12, 30 13 36
No  --6 14 7, 30 14 31
No  --6 14 8, 30 14 32
No  --6 14 9, 30 14 33
No  --6 14 10, 30 14 34
No  --6 14 11, 30 14 35
No  --6 14 12, 30 14 36
No  --6 14 13, 30 14 37
No  --6 15 7, 30 15 31
No  --6 15 8, 30 15 32
No  --6 15 9, 30 15 33
No  --6 15 10, 30 15 34
No  --6 15 11, 30 15 35
No  --6 15 12, 30 15 36
No  --6 15 13, 30 15 37
No  --6 15 14, 30 15 38
No  --6 16 7, 30 16 31
No  --6 16 8, 30 16 32
No  --6 16 9, 30 16 33
No  --6 16 10, 30 16 34
No  --6 16 11, 30 16 35
No  --6 16 12, 30 16 36
No  --6 16 13, 30 16 37
No  --6 16 14, 30 16 38
No  --6 16 15, 30 16 39
No  --6 17 7, 30 17 31
No  --6 17 8, 30 17 32
No  --6 17 9, 30 17 33
No  --6 17 10, 30 17 34
No  --6 17 11, 30 17 35
No  --6 17 12, 30 17 36
No  --6 17 13, 30 17 37
No  --6 17 14, 30 17 38
No  --6 17 15, 30 17 39
No  --6 17 16, 30 17 40
No  --6 18 7, 30 18 31
No  --6 18 8, 30 18 32
No  --6 18 9, 30 18 33
No  --6 18 10, 30 18 34
No  --6 18 11, 30 18 35
No  --6 18 12, 30 18 36
No  --6 18 13, 30 18 37
No  --6 18 14, 30 18 38
No  --6 18 15, 30 18 39
No  --6 18 16, 30 18 40
No  --6 18 17, 30 18 41
No  --6 19 7, 30 19 31
No  --6 19 8, 30 19 32
No  --6 19 9, 30 19 33
No  --6 19 10, 30 19 34
No  --6 19 11, 30 19 35
No  --6 19 12, 30 19 36
No  --6 19 13, 30 19 37
No  --6 19 14, 30 19 38
No  --6 19 15, 30 19 39
No  --6 19 16, 30 19 40
No  --6 19 17, 30 19 41
No  --6 19 18, 30 19 42
No  --6 20 7, 30 20 31
No  --6 20 8, 30 20 32
No  --6 20 9, 30 20 33
No  --6 20 10, 30 20 34
No  --6 20 11, 30 20 35
No  --6 20 12, 30 20 36
No  --6 20 13, 30 20 37
No  --6 20 14, 30 20 38
No  --6 20 15, 30 20 39
No  --6 20 16, 30 20 40
No  --6 20 17, 30 20 41
No  --6 20 18, 30 20 42
No  --6 20 19, 30 20 43
No  --6 21 7, 30 21 31
No  --6 21 8, 30 21 32
No  --6 21 9, 30 21 33
No  --6 21 10, 30 21 34
No  --6 21 11, 30 21 35
No  --6 21 12, 30 21 36
No  --6 21 13, 30 21 37
No  --6 21 14, 30 21 38
No  --6 21 15, 30 21 39
No  --6 21 16, 30 21 40
No  --6 21 17, 30 21 41
No  --6 21 18, 30 21 42
No  --6 21 19, 30 21 43
No  --6 21 20, 30 21 44
No  --6 22 7, 30 22 31
No  --6 22 8, 30 22 32
No  --6 22 9, 30 22 33
No  --6 22 10, 30 22 34
No  --6 22 11, 30 22 35
No  --6 22 12, 30 22 36
No  --6 22 13, 30 22 37
No  --6 22 14, 30 22 38
No  --6 22 15, 30 22 39
No  --6 22 16, 30 22 40
No  --6 22 17, 30 22 41
No  --6 22 18, 30 22 42
No  --6 22 19, 30 22 43
No  --6 22 20, 30 22 44
No  --6 22 21, 30 22 45
No  --6 23 7, 30 23 31
No  --6 23 8, 30 23 32
No  --6 23 9, 30 23 33
No  --6 23 10, 30 23 34
No  --6 23 11, 30 23 35
No  --6 23 12, 30 23 36
No  --6 23 13, 30 23 37
No  --6 23 14, 30 23 38
No  --6 23 15, 30 23 39
No  --6 23 16, 30 23 40
No  --6 23 17, 30 23 41
No  --6 23 18, 30 23 42
No  --6 23 19, 30 23 43
No  --6 23 20, 30 23 44
No  --6 23 21, 30 23 45
No  --6 23 22, 30 23 46
No  --6 24 7, 30 24 31
No  --6 24 8, 30 24 32
No  --6 24 9, 30 24 33
No  --6 24 10, 30 24 34
No  --6 24 11, 30 24 35
No  --6 24 12, 30 24 36
No  --6 24 13, 30 24 37
No  --6 24 14, 30 24 38
No  --6 24 15, 30 24 39
No  --6 24 16, 30 24 40
No  --6 24 17, 30 24 41
No  --6 24 18, 30 24 42
No  --6 24 19, 30 24 43
No  --6 24 20, 30 24 44
No  --6 24 21, 30 24 45
No  --6 24 22, 30 24 46
No  --6 24 23, 30 24 47
No  --7 1 8, 7 1 8
No  --7 1 9, 7 1 9
No  --7 1 10, 7 1 10
No  --7 1 11, 7 1 11
No  --7 1 12, 7 1 12
No  --7 1 13, 7 1 13
No  --7 1 14, 7 1 14
No  --7 1 15, 7 1 15
No  --7 1 16, 7 1 16
No  --7 1 17, 7 1 17
No  --7 1 18, 7 1 18
No  --7 1 19, 7 1 19
No  --7 1 20, 7 1 20
No  --7 1 21, 7 1 21
No  --7 1 22, 7 1 22
No  --7 1 23, 7 1 23
No  --7 1 24, 7 1 24
No  --7 2 8, 7 2 8
No  --7 2 9, 7 2 9
No  --7 2 10, 7 2 10
No  --7 2 11, 7 2 11
No  --7 2 12, 7 2 12
No  --7 2 13, 7 2 13
No  --7 2 14, 7 2 14
No  --7 2 15, 7 2 15
No  --7 2 16, 7 2 16
No  --7 2 17, 7 2 17
No  --7 2 18, 7 2 18
No  --7 2 19, 7 2 19
No  --7 2 20, 7 2 20
No  --7 2 21, 7 2 21
No  --7 2 22, 7 2 22
No  --7 2 23, 7 2 23
No  --7 2 24, 7 2 24
No  --7 3 8, 7 3 8
No  --7 3 9, 7 3 9
No  --7 3 10, 7 3 10
No  --7 3 11, 7 3 11
No  --7 3 12, 7 3 12
No  --7 3 13, 7 3 13
No  --7 3 14, 7 3 14
No  --7 3 15, 7 3 15
No  --7 3 16, 7 3 16
No  --7 3 17, 7 3 17
No  --7 3 18, 7 3 18
No  --7 3 19, 7 3 19
No  --7 3 20, 7 3 20
No  --7 3 21, 7 3 21
No  --7 3 22, 7 3 22
No  --7 3 23, 7 3 23
No  --7 3 24, 7 3 24
No  --7 4 8, 7 4 8
No  --7 4 9, 7 4 9
No  --7 4 10, 7 4 10
No  --7 4 11, 7 4 11
No  --7 4 12, 7 4 12
No  --7 4 13, 7 4 13
No  --7 4 14, 7 4 14
No  --7 4 15, 7 4 15
No  --7 4 16, 7 4 16
No  --7 4 17, 7 4 17
No  --7 4 18, 7 4 18
No  --7 4 19, 7 4 19
No  --7 4 20, 7 4 20
No  --7 4 21, 7 4 21
No  --7 4 22, 7 4 22
No  --7 4 23, 7 4 23
No  --7 4 24, 7 4 24
No  --7 5 8, 7 5 8
No  --7 5 9, 7 5 9
No  --7 5 10, 7 5 10
No  --7 5 11, 7 5 11
No  --7 5 12, 7 5 12
No  --7 5 13, 7 5 13
No  --7 5 14, 7 5 14
No  --7 5 15, 7 5 15
No  --7 5 16, 7 5 16
No  --7 5 17, 7 5 17
No  --7 5 18, 7 5 18
No  --7 5 19, 7 5 19
No  --7 5 20, 7 5 20
No  --7 5 21, 7 5 21
No  --7 5 22, 7 5 22
No  --7 5 23, 7 5 23
No  --7 5 24, 7 5 24
No  --7 6 8, 7 6 8
No  --7 6 9, 7 6 9
No  --7 6 10, 7 6 10
No  --7 6 11, 7 6 11
No  --7 6 12, 7 6 12
No  --7 6 13, 7 6 13
No  --7 6 14, 7 6 14
No  --7 6 15, 7 6 15
No  --7 6 16, 7 6 16
No  --7 6 17, 7 6 17
No  --7 6 18, 7 6 18
No  --7 6 19, 7 6 19
No  --7 6 20, 7 6 20
No  --7 6 21, 7 6 21
No  --7 6 22, 7 6 22
No  --7 6 23, 7 6 23
No  --7 6 24, 7 6 24
No  --7 9 8, 31 9 32
No  --7 10 8, 31 10 32
No  --7 10 9, 31 10 33
No  --7 11 8, 31 11 32
No  --7 11 9, 31 11 33
No  --7 11 10, 31 11 34
No  --7 12 8, 31 12 32
No  --7 12 9, 31 12 33
No  --7 12 10, 31 12 34
No  --7 12 11, 31 12 35
No  --7 13 8, 31 13 32
No  --7 13 9, 31 13 33
No  --7 13 10, 31 13 34
No  --7 13 11, 31 13 35
No  --7 13 12, 31 13 36
No  --7 14 8, 31 14 32
No  --7 14 9, 31 14 33
No  --7 14 10, 31 14 34
No  --7 14 11, 31 14 35
No  --7 14 12, 31 14 36
No  --7 14 13, 31 14 37
No  --7 15 8, 31 15 32
No  --7 15 9, 31 15 33
No  --7 15 10, 31 15 34
No  --7 15 11, 31 15 35
No  --7 15 12, 31 15 36
No  --7 15 13, 31 15 37
No  --7 15 14, 31 15 38
No  --7 16 8, 31 16 32
No  --7 16 9, 31 16 33
No  --7 16 10, 31 16 34
No  --7 16 11, 31 16 35
No  --7 16 12, 31 16 36
No  --7 16 13, 31 16 37
No  --7 16 14, 31 16 38
No  --7 16 15, 31 16 39
No  --7 17 8, 31 17 32
No  --7 17 9, 31 17 33
No  --7 17 10, 31 17 34
No  --7 17 11, 31 17 35
No  --7 17 12, 31 17 36
No  --7 17 13, 31 17 37
No  --7 17 14, 31 17 38
No  --7 17 15, 31 17 39
No  --7 17 16, 31 17 40
No  --7 18 8, 31 18 32
No  --7 18 9, 31 18 33
No  --7 18 10, 31 18 34
No  --7 18 11, 31 18 35
No  --7 18 12, 31 18 36
No  --7 18 13, 31 18 37
No  --7 18 14, 31 18 38
No  --7 18 15, 31 18 39
No  --7 18 16, 31 18 40
No  --7 18 17, 31 18 41
No  --7 19 8, 31 19 32
No  --7 19 9, 31 19 33
No  --7 19 10, 31 19 34
No  --7 19 11, 31 19 35
No  --7 19 12, 31 19 36
No  --7 19 13, 31 19 37
No  --7 19 14, 31 19 38
No  --7 19 15, 31 19 39
No  --7 19 16, 31 19 40
No  --7 19 17, 31 19 41
No  --7 19 18, 31 19 42
No  --7 20 8, 31 20 32
No  --7 20 9, 31 20 33
No  --7 20 10, 31 20 34
No  --7 20 11, 31 20 35
No  --7 20 12, 31 20 36
No  --7 20 13, 31 20 37
No  --7 20 14, 31 20 38
No  --7 20 15, 31 20 39
No  --7 20 16, 31 20 40
No  --7 20 17, 31 20 41
No  --7 20 18, 31 20 42
No  --7 20 19, 31 20 43
No  --7 21 8, 31 21 32
No  --7 21 9, 31 21 33
No  --7 21 10, 31 21 34
No  --7 21 11, 31 21 35
No  --7 21 12, 31 21 36
No  --7 21 13, 31 21 37
No  --7 21 14, 31 21 38
No  --7 21 15, 31 21 39
No  --7 21 16, 31 21 40
No  --7 21 17, 31 21 41
No  --7 21 18, 31 21 42
No  --7 21 19, 31 21 43
No  --7 21 20, 31 21 44
No  --7 22 8, 31 22 32
No  --7 22 9, 31 22 33
No  --7 22 10, 31 22 34
No  --7 22 11, 31 22 35
No  --7 22 12, 31 22 36
No  --7 22 13, 31 22 37
No  --7 22 14, 31 22 38
No  --7 22 15, 31 22 39
No  --7 22 16, 31 22 40
No  --7 22 17, 31 22 41
No  --7 22 18, 31 22 42
No  --7 22 19, 31 22 43
No  --7 22 20, 31 22 44
No  --7 22 21, 31 22 45
No  --7 23 8, 31 23 32
No  --7 23 9, 31 23 33
No  --7 23 10, 31 23 34
No  --7 23 11, 31 23 35
No  --7 23 12, 31 23 36
No  --7 23 13, 31 23 37
No  --7 23 14, 31 23 38
No  --7 23 15, 31 23 39
No  --7 23 16, 31 23 40
No  --7 23 17, 31 23 41
No  --7 23 18, 31 23 42
No  --7 23 19, 31 23 43
No  --7 23 20, 31 23 44
No  --7 23 21, 31 23 45
No  --7 23 22, 31 23 46
No  --7 24 8, 31 24 32
No  --7 24 9, 31 24 33
No  --7 24 10, 31 24 34
No  --7 24 11, 31 24 35
No  --7 24 12, 31 24 36
No  --7 24 13, 31 24 37
No  --7 24 14, 31 24 38
No  --7 24 15, 31 24 39
No  --7 24 16, 31 24 40
No  --7 24 17, 31 24 41
No  --7 24 18, 31 24 42
No  --7 24 19, 31 24 43
No  --7 24 20, 31 24 44
No  --7 24 21, 31 24 45
No  --7 24 22, 31 24 46
No  --7 24 23, 31 24 47
No  --8 1 9, 8 1 9
No  --8 1 10, 8 1 10
No  --8 1 11, 8 1 11
No  --8 1 12, 8 1 12
No  --8 1 13, 8 1 13
No  --8 1 14, 8 1 14
No  --8 1 15, 8 1 15
No  --8 1 16, 8 1 16
No  --8 1 17, 8 1 17
No  --8 1 18, 8 1 18
No  --8 1 19, 8 1 19
No  --8 1 20, 8 1 20
No  --8 1 21, 8 1 21
No  --8 1 22, 8 1 22
No  --8 1 23, 8 1 23
No  --8 1 24, 8 1 24
No  --8 2 9, 8 2 9
No  --8 2 10, 8 2 10
No  --8 2 11, 8 2 11
No  --8 2 12, 8 2 12
No  --8 2 13, 8 2 13
No  --8 2 14, 8 2 14
No  --8 2 15, 8 2 15
No  --8 2 16, 8 2 16
No  --8 2 17, 8 2 17
No  --8 2 18, 8 2 18
No  --8 2 19, 8 2 19
No  --8 2 20, 8 2 20
No  --8 2 21, 8 2 21
No  --8 2 22, 8 2 22
No  --8 2 23, 8 2 23
No  --8 2 24, 8 2 24
No  --8 3 9, 8 3 9
No  --8 3 10, 8 3 10
No  --8 3 11, 8 3 11
No  --8 3 12, 8 3 12
No  --8 3 13, 8 3 13
No  --8 3 14, 8 3 14
No  --8 3 15, 8 3 15
No  --8 3 16, 8 3 16
No  --8 3 17, 8 3 17
No  --8 3 18, 8 3 18
No  --8 3 19, 8 3 19
No  --8 3 20, 8 3 20
No  --8 3 21, 8 3 21
No  --8 3 22, 8 3 22
No  --8 3 23, 8 3 23
No  --8 3 24, 8 3 24
No  --8 4 9, 8 4 9
No  --8 4 10, 8 4 10
No  --8 4 11, 8 4 11
No  --8 4 12, 8 4 12
No  --8 4 13, 8 4 13
No  --8 4 14, 8 4 14
No  --8 4 15, 8 4 15
No  --8 4 16, 8 4 16
No  --8 4 17, 8 4 17
No  --8 4 18, 8 4 18
No  --8 4 19, 8 4 19
No  --8 4 20, 8 4 20
No  --8 4 21, 8 4 21
No  --8 4 22, 8 4 22
No  --8 4 23, 8 4 23
No  --8 4 24, 8 4 24
No  --8 5 9, 8 5 9
No  --8 5 10, 8 5 10
No  --8 5 11, 8 5 11
No  --8 5 12, 8 5 12
No  --8 5 13, 8 5 13
No  --8 5 14, 8 5 14
No  --8 5 15, 8 5 15
No  --8 5 16, 8 5 16
No  --8 5 17, 8 5 17
No  --8 5 18, 8 5 18
No  --8 5 19, 8 5 19
No  --8 5 20, 8 5 20
No  --8 5 21, 8 5 21
No  --8 5 22, 8 5 22
No  --8 5 23, 8 5 23
No  --8 5 24, 8 5 24
No  --8 6 9, 8 6 9
No  --8 6 10, 8 6 10
No  --8 6 11, 8 6 11
No  --8 6 12, 8 6 12
No  --8 6 13, 8 6 13
No  --8 6 14, 8 6 14
No  --8 6 15, 8 6 15
No  --8 6 16, 8 6 16
No  --8 6 17, 8 6 17
No  --8 6 18, 8 6 18
No  --8 6 19, 8 6 19
No  --8 6 20, 8 6 20
No  --8 6 21, 8 6 21
No  --8 6 22, 8 6 22
No  --8 6 23, 8 6 23
No  --8 6 24, 8 6 24
No  --8 7 9, 8 7 9
No  --8 7 10, 8 7 10
No  --8 7 11, 8 7 11
No  --8 7 12, 8 7 12
No  --8 7 13, 8 7 13
No  --8 7 14, 8 7 14
No  --8 7 15, 8 7 15
No  --8 7 16, 8 7 16
No  --8 7 17, 8 7 17
No  --8 7 18, 8 7 18
No  --8 7 19, 8 7 19
No  --8 7 20, 8 7 20
No  --8 7 21, 8 7 21
No  --8 7 22, 8 7 22
No  --8 7 23, 8 7 23
No  --8 7 24, 8 7 24
No  --8 10 9, 32 10 33
No  --8 11 9, 32 11 33
No  --8 11 10, 32 11 34
No  --8 12 9, 32 12 33
No  --8 12 10, 32 12 34
No  --8 12 11, 32 12 35
No  --8 13 9, 32 13 33
No  --8 13 10, 32 13 34
No  --8 13 11, 32 13 35
No  --8 13 12, 32 13 36
No  --8 14 9, 32 14 33
No  --8 14 10, 32 14 34
No  --8 14 11, 32 14 35
No  --8 14 12, 32 14 36
No  --8 14 13, 32 14 37
No  --8 15 9, 32 15 33
No  --8 15 10, 32 15 34
No  --8 15 11, 32 15 35
No  --8 15 12, 32 15 36
No  --8 15 13, 32 15 37
No  --8 15 14, 32 15 38
No  --8 16 9, 32 16 33
No  --8 16 10, 32 16 34
No  --8 16 11, 32 16 35
No  --8 16 12, 32 16 36
No  --8 16 13, 32 16 37
No  --8 16 14, 32 16 38
No  --8 16 15, 32 16 39
No  --8 17 9, 32 17 33
No  --8 17 10, 32 17 34
No  --8 17 11, 32 17 35
No  --8 17 12, 32 17 36
No  --8 17 13, 32 17 37
No  --8 17 14, 32 17 38
No  --8 17 15, 32 17 39
No  --8 17 16, 32 17 40
No  --8 18 9, 32 18 33
No  --8 18 10, 32 18 34
No  --8 18 11, 32 18 35
No  --8 18 12, 32 18 36
No  --8 18 13, 32 18 37
No  --8 18 14, 32 18 38
No  --8 18 15, 32 18 39
No  --8 18 16, 32 18 40
No  --8 18 17, 32 18 41
No  --8 19 9, 32 19 33
No  --8 19 10, 32 19 34
No  --8 19 11, 32 19 35
No  --8 19 12, 32 19 36
No  --8 19 13, 32 19 37
No  --8 19 14, 32 19 38
No  --8 19 15, 32 19 39
No  --8 19 16, 32 19 40
No  --8 19 17, 32 19 41
No  --8 19 18, 32 19 42
No  --8 20 9, 32 20 33
No  --8 20 10, 32 20 34
No  --8 20 11, 32 20 35
No  --8 20 12, 32 20 36
No  --8 20 13, 32 20 37
No  --8 20 14, 32 20 38
No  --8 20 15, 32 20 39
No  --8 20 16, 32 20 40
No  --8 20 17, 32 20 41
No  --8 20 18, 32 20 42
No  --8 20 19, 32 20 43
No  --8 21 9, 32 21 33
No  --8 21 10, 32 21 34
No  --8 21 11, 32 21 35
No  --8 21 12, 32 21 36
No  --8 21 13, 32 21 37
No  --8 21 14, 32 21 38
No  --8 21 15, 32 21 39
No  --8 21 16, 32 21 40
No  --8 21 17, 32 21 41
No  --8 21 18, 32 21 42
No  --8 21 19, 32 21 43
No  --8 21 20, 32 21 44
No  --8 22 9, 32 22 33
No  --8 22 10, 32 22 34
No  --8 22 11, 32 22 35
No  --8 22 12, 32 22 36
No  --8 22 13, 32 22 37
No  --8 22 14, 32 22 38
No  --8 22 15, 32 22 39
No  --8 22 16, 32 22 40
No  --8 22 17, 32 22 41
No  --8 22 18, 32 22 42
No  --8 22 19, 32 22 43
No  --8 22 20, 32 22 44
No  --8 22 21, 32 22 45
No  --8 23 9, 32 23 33
No  --8 23 10, 32 23 34
No  --8 23 11, 32 23 35
No  --8 23 12, 32 23 36
No  --8 23 13, 32 23 37
No  --8 23 14, 32 23 38
No  --8 23 15, 32 23 39
No  --8 23 16, 32 23 40
No  --8 23 17, 32 23 41
No  --8 23 18, 32 23 42
No  --8 23 19, 32 23 43
No  --8 23 20, 32 23 44
No  --8 23 21, 32 23 45
No  --8 23 22, 32 23 46
No  --8 24 9, 32 24 33
No  --8 24 10, 32 24 34
No  --8 24 11, 32 24 35
No  --8 24 12, 32 24 36
No  --8 24 13, 32 24 37
No  --8 24 14, 32 24 38
No  --8 24 15, 32 24 39
No  --8 24 16, 32 24 40
No  --8 24 17, 32 24 41
No  --8 24 18, 32 24 42
No  --8 24 19, 32 24 43
No  --8 24 20, 32 24 44
No  --8 24 21, 32 24 45
No  --8 24 22, 32 24 46
No  --8 24 23, 32 24 47
No  --9 1 10, 9 1 10
No  --9 1 11, 9 1 11
No  --9 1 12, 9 1 12
No  --9 1 13, 9 1 13
No  --9 1 14, 9 1 14
No  --9 1 15, 9 1 15
No  --9 1 16, 9 1 16
No  --9 1 17, 9 1 17
No  --9 1 18, 9 1 18
No  --9 1 19, 9 1 19
No  --9 1 20, 9 1 20
No  --9 1 21, 9 1 21
No  --9 1 22, 9 1 22
No  --9 1 23, 9 1 23
No  --9 1 24, 9 1 24
No  --9 2 10, 9 2 10
No  --9 2 11, 9 2 11
No  --9 2 12, 9 2 12
No  --9 2 13, 9 2 13
No  --9 2 14, 9 2 14
No  --9 2 15, 9 2 15
No  --9 2 16, 9 2 16
No  --9 2 17, 9 2 17
No  --9 2 18, 9 2 18
No  --9 2 19, 9 2 19
No  --9 2 20, 9 2 20
No  --9 2 21, 9 2 21
No  --9 2 22, 9 2 22
No  --9 2 23, 9 2 23
No  --9 2 24, 9 2 24
No  --9 3 10, 9 3 10
No  --9 3 11, 9 3 11
No  --9 3 12, 9 3 12
No  --9 3 13, 9 3 13
No  --9 3 14, 9 3 14
No  --9 3 15, 9 3 15
No  --9 3 16, 9 3 16
No  --9 3 17, 9 3 17
No  --9 3 18, 9 3 18
No  --9 3 19, 9 3 19
No  --9 3 20, 9 3 20
No  --9 3 21, 9 3 21
No  --9 3 22, 9 3 22
No  --9 3 23, 9 3 23
No  --9 3 24, 9 3 24
No  --9 4 10, 9 4 10
No  --9 4 11, 9 4 11
No  --9 4 12, 9 4 12
No  --9 4 13, 9 4 13
No  --9 4 14, 9 4 14
No  --9 4 15, 9 4 15
No  --9 4 16, 9 4 16
No  --9 4 17, 9 4 17
No  --9 4 18, 9 4 18
No  --9 4 19, 9 4 19
No  --9 4 20, 9 4 20
No  --9 4 21, 9 4 21
No  --9 4 22, 9 4 22
No  --9 4 23, 9 4 23
No  --9 4 24, 9 4 24
No  --9 5 10, 9 5 10
No  --9 5 11, 9 5 11
No  --9 5 12, 9 5 12
No  --9 5 13, 9 5 13
No  --9 5 14, 9 5 14
No  --9 5 15, 9 5 15
No  --9 5 16, 9 5 16
No  --9 5 17, 9 5 17
No  --9 5 18, 9 5 18
No  --9 5 19, 9 5 19
No  --9 5 20, 9 5 20
No  --9 5 21, 9 5 21
No  --9 5 22, 9 5 22
No  --9 5 23, 9 5 23
No  --9 5 24, 9 5 24
No  --9 6 10, 9 6 10
No  --9 6 11, 9 6 11
No  --9 6 12, 9 6 12
No  --9 6 13, 9 6 13
No  --9 6 14, 9 6 14
No  --9 6 15, 9 6 15
No  --9 6 16, 9 6 16
No  --9 6 17, 9 6 17
No  --9 6 18, 9 6 18
No  --9 6 19, 9 6 19
No  --9 6 20, 9 6 20
No  --9 6 21, 9 6 21
No  --9 6 22, 9 6 22
No  --9 6 23, 9 6 23
No  --9 6 24, 9 6 24
No  --9 7 10, 9 7 10
No  --9 7 11, 9 7 11
No  --9 7 12, 9 7 12
No  --9 7 13, 9 7 13
No  --9 7 14, 9 7 14
No  --9 7 15, 9 7 15
No  --9 7 16, 9 7 16
No  --9 7 17, 9 7 17
No  --9 7 18, 9 7 18
No  --9 7 19, 9 7 19
No  --9 7 20, 9 7 20
No  --9 7 21, 9 7 21
No  --9 7 22, 9 7 22
No  --9 7 23, 9 7 23
No  --9 7 24, 9 7 24
No  --9 8 10, 9 8 10
No  --9 8 11, 9 8 11
No  --9 8 12, 9 8 12
No  --9 8 13, 9 8 13
No  --9 8 14, 9 8 14
No  --9 8 15, 9 8 15
No  --9 8 16, 9 8 16
No  --9 8 17, 9 8 17
No  --9 8 18, 9 8 18
No  --9 8 19, 9 8 19
No  --9 8 20, 9 8 20
No  --9 8 21, 9 8 21
No  --9 8 22, 9 8 22
No  --9 8 23, 9 8 23
No  --9 8 24, 9 8 24
No  --9 11 10, 33 11 34
No  --9 12 10, 33 12 34
No  --9 12 11, 33 12 35
No  --9 13 10, 33 13 34
No  --9 13 11, 33 13 35
No  --9 13 12, 33 13 36
No  --9 14 10, 33 14 34
No  --9 14 11, 33 14 35
No  --9 14 12, 33 14 36
No  --9 14 13, 33 14 37
No  --9 15 10, 33 15 34
No  --9 15 11, 33 15 35
No  --9 15 12, 33 15 36
No  --9 15 13, 33 15 37
No  --9 15 14, 33 15 38
No  --9 16 10, 33 16 34
No  --9 16 11, 33 16 35
No  --9 16 12, 33 16 36
No  --9 16 13, 33 16 37
No  --9 16 14, 33 16 38
No  --9 16 15, 33 16 39
No  --9 17 10, 33 17 34
No  --9 17 11, 33 17 35
No  --9 17 12, 33 17 36
No  --9 17 13, 33 17 37
No  --9 17 14, 33 17 38
No  --9 17 15, 33 17 39
No  --9 17 16, 33 17 40
No  --9 18 10, 33 18 34
No  --9 18 11, 33 18 35
No  --9 18 12, 33 18 36
No  --9 18 13, 33 18 37
No  --9 18 14, 33 18 38
No  --9 18 15, 33 18 39
No  --9 18 16, 33 18 40
No  --9 18 17, 33 18 41
No  --9 19 10, 33 19 34
No  --9 19 11, 33 19 35
No  --9 19 12, 33 19 36
No  --9 19 13, 33 19 37
No  --9 19 14, 33 19 38
No  --9 19 15, 33 19 39
No  --9 19 16, 33 19 40
No  --9 19 17, 33 19 41
No  --9 19 18, 33 19 42
No  --9 20 10, 33 20 34
No  --9 20 11, 33 20 35
No  --9 20 12, 33 20 36
No  --9 20 13, 33 20 37
No  --9 20 14, 33 20 38
No  --9 20 15, 33 20 39
No  --9 20 16, 33 20 40
No  --9 20 17, 33 20 41
No  --9 20 18, 33 20 42
No  --9 20 19, 33 20 43
No  --9 21 10, 33 21 34
No  --9 21 11, 33 21 35
No  --9 21 12, 33 21 36
No  --9 21 13, 33 21 37
No  --9 21 14, 33 21 38
No  --9 21 15, 33 21 39
No  --9 21 16, 33 21 40
No  --9 21 17, 33 21 41
No  --9 21 18, 33 21 42
No  --9 21 19, 33 21 43
No  --9 21 20, 33 21 44
No  --9 22 10, 33 22 34
No  --9 22 11, 33 22 35
No  --9 22 12, 33 22 36
No  --9 22 13, 33 22 37
No  --9 22 14, 33 22 38
No  --9 22 15, 33 22 39
No  --9 22 16, 33 22 40
No  --9 22 17, 33 22 41
No  --9 22 18, 33 22 42
No  --9 22 19, 33 22 43
No  --9 22 20, 33 22 44
No  --9 22 21, 33 22 45
No  --9 23 10, 33 23 34
No  --9 23 11, 33 23 35
No  --9 23 12, 33 23 36
No  --9 23 13, 33 23 37
No  --9 23 14, 33 23 38
No  --9 23 15, 33 23 39
No  --9 23 16, 33 23 40
No  --9 23 17, 33 23 41
No  --9 23 18, 33 23 42
No  --9 23 19, 33 23 43
No  --9 23 20, 33 23 44
No  --9 23 21, 33 23 45
No  --9 23 22, 33 23 46
No  --9 24 10, 33 24 34
No  --9 24 11, 33 24 35
No  --9 24 12, 33 24 36
No  --9 24 13, 33 24 37
No  --9 24 14, 33 24 38
No  --9 24 15, 33 24 39
No  --9 24 16, 33 24 40
No  --9 24 17, 33 24 41
No  --9 24 18, 33 24 42
No  --9 24 19, 33 24 43
No  --9 24 20, 33 24 44
No  --9 24 21, 33 24 45
No  --9 24 22, 33 24 46
No  --9 24 23, 33 24 47
No  --10 1 11, 10 1 11
No  --10 1 12, 10 1 12
No  --10 1 13, 10 1 13
No  --10 1 14, 10 1 14
No  --10 1 15, 10 1 15
No  --10 1 16, 10 1 16
No  --10 1 17, 10 1 17
No  --10 1 18, 10 1 18
No  --10 1 19, 10 1 19
No  --10 1 20, 10 1 20
No  --10 1 21, 10 1 21
No  --10 1 22, 10 1 22
No  --10 1 23, 10 1 23
No  --10 1 24, 10 1 24
No  --10 2 11, 10 2 11
No  --10 2 12, 10 2 12
No  --10 2 13, 10 2 13
No  --10 2 14, 10 2 14
No  --10 2 15, 10 2 15
No  --10 2 16, 10 2 16
No  --10 2 17, 10 2 17
No  --10 2 18, 10 2 18
No  --10 2 19, 10 2 19
No  --10 2 20, 10 2 20
No  --10 2 21, 10 2 21
No  --10 2 22, 10 2 22
No  --10 2 23, 10 2 23
No  --10 2 24, 10 2 24
No  --10 3 11, 10 3 11
No  --10 3 12, 10 3 12
No  --10 3 13, 10 3 13
No  --10 3 14, 10 3 14
No  --10 3 15, 10 3 15
No  --10 3 16, 10 3 16
No  --10 3 17, 10 3 17
No  --10 3 18, 10 3 18
No  --10 3 19, 10 3 19
No  --10 3 20, 10 3 20
No  --10 3 21, 10 3 21
No  --10 3 22, 10 3 22
No  --10 3 23, 10 3 23
No  --10 3 24, 10 3 24
No  --10 4 11, 10 4 11
No  --10 4 12, 10 4 12
No  --10 4 13, 10 4 13
No  --10 4 14, 10 4 14
No  --10 4 15, 10 4 15
No  --10 4 16, 10 4 16
No  --10 4 17, 10 4 17
No  --10 4 18, 10 4 18
No  --10 4 19, 10 4 19
No  --10 4 20, 10 4 20
No  --10 4 21, 10 4 21
No  --10 4 22, 10 4 22
No  --10 4 23, 10 4 23
No  --10 4 24, 10 4 24
No  --10 5 11, 10 5 11
No  --10 5 12, 10 5 12
No  --10 5 13, 10 5 13
No  --10 5 14, 10 5 14
No  --10 5 15, 10 5 15
No  --10 5 16, 10 5 16
No  --10 5 17, 10 5 17
No  --10 5 18, 10 5 18
No  --10 5 19, 10 5 19
No  --10 5 20, 10 5 20
No  --10 5 21, 10 5 21
No  --10 5 22, 10 5 22
No  --10 5 23, 10 5 23
No  --10 5 24, 10 5 24
No  --10 6 11, 10 6 11
No  --10 6 12, 10 6 12
No  --10 6 13, 10 6 13
No  --10 6 14, 10 6 14
No  --10 6 15, 10 6 15
No  --10 6 16, 10 6 16
No  --10 6 17, 10 6 17
No  --10 6 18, 10 6 18
No  --10 6 19, 10 6 19
No  --10 6 20, 10 6 20
No  --10 6 21, 10 6 21
No  --10 6 22, 10 6 22
No  --10 6 23, 10 6 23
No  --10 6 24, 10 6 24
No  --10 7 11, 10 7 11
No  --10 7 12, 10 7 12
No  --10 7 13, 10 7 13
No  --10 7 14, 10 7 14
No  --10 7 15, 10 7 15
No  --10 7 16, 10 7 16
No  --10 7 17, 10 7 17
No  --10 7 18, 10 7 18
No  --10 7 19, 10 7 19
No  --10 7 20, 10 7 20
No  --10 7 21, 10 7 21
No  --10 7 22, 10 7 22
No  --10 7 23, 10 7 23
No  --10 7 24, 10 7 24
No  --10 8 11, 10 8 11
No  --10 8 12, 10 8 12
No  --10 8 13, 10 8 13
No  --10 8 14, 10 8 14
No  --10 8 15, 10 8 15
No  --10 8 16, 10 8 16
No  --10 8 17, 10 8 17
No  --10 8 18, 10 8 18
No  --10 8 19, 10 8 19
No  --10 8 20, 10 8 20
No  --10 8 21, 10 8 21
No  --10 8 22, 10 8 22
No  --10 8 23, 10 8 23
No  --10 8 24, 10 8 24
No  --10 9 11, 10 9 11
No  --10 9 12, 10 9 12
No  --10 9 13, 10 9 13
No  --10 9 14, 10 9 14
No  --10 9 15, 10 9 15
No  --10 9 16, 10 9 16
No  --10 9 17, 10 9 17
No  --10 9 18, 10 9 18
No  --10 9 19, 10 9 19
No  --10 9 20, 10 9 20
No  --10 9 21, 10 9 21
No  --10 9 22, 10 9 22
No  --10 9 23, 10 9 23
No  --10 9 24, 10 9 24
No  --10 12 11, 34 12 35
No  --10 13 11, 34 13 35
No  --10 13 12, 34 13 36
No  --10 14 11, 34 14 35
No  --10 14 12, 34 14 36
No  --10 14 13, 34 14 37
No  --10 15 11, 34 15 35
No  --10 15 12, 34 15 36
No  --10 15 13, 34 15 37
No  --10 15 14, 34 15 38
No  --10 16 11, 34 16 35
No  --10 16 12, 34 16 36
No  --10 16 13, 34 16 37
No  --10 16 14, 34 16 38
No  --10 16 15, 34 16 39
No  --10 17 11, 34 17 35
No  --10 17 12, 34 17 36
No  --10 17 13, 34 17 37
No  --10 17 14, 34 17 38
No  --10 17 15, 34 17 39
No  --10 17 16, 34 17 40
No  --10 18 11, 34 18 35
No  --10 18 12, 34 18 36
No  --10 18 13, 34 18 37
No  --10 18 14, 34 18 38
No  --10 18 15, 34 18 39
No  --10 18 16, 34 18 40
No  --10 18 17, 34 18 41
No  --10 19 11, 34 19 35
No  --10 19 12, 34 19 36
No  --10 19 13, 34 19 37
No  --10 19 14, 34 19 38
No  --10 19 15, 34 19 39
No  --10 19 16, 34 19 40
No  --10 19 17, 34 19 41
No  --10 19 18, 34 19 42
No  --10 20 11, 34 20 35
No  --10 20 12, 34 20 36
No  --10 20 13, 34 20 37
No  --10 20 14, 34 20 38
No  --10 20 15, 34 20 39
No  --10 20 16, 34 20 40
No  --10 20 17, 34 20 41
No  --10 20 18, 34 20 42
No  --10 20 19, 34 20 43
No  --10 21 11, 34 21 35
No  --10 21 12, 34 21 36
No  --10 21 13, 34 21 37
No  --10 21 14, 34 21 38
No  --10 21 15, 34 21 39
No  --10 21 16, 34 21 40
No  --10 21 17, 34 21 41
No  --10 21 18, 34 21 42
No  --10 21 19, 34 21 43
No  --10 21 20, 34 21 44
No  --10 22 11, 34 22 35
No  --10 22 12, 34 22 36
No  --10 22 13, 34 22 37
No  --10 22 14, 34 22 38
No  --10 22 15, 34 22 39
No  --10 22 16, 34 22 40
No  --10 22 17, 34 22 41
No  --10 22 18, 34 22 42
No  --10 22 19, 34 22 43
No  --10 22 20, 34 22 44
No  --10 22 21, 34 22 45
No  --10 23 11, 34 23 35
No  --10 23 12, 34 23 36
No  --10 23 13, 34 23 37
No  --10 23 14, 34 23 38
No  --10 23 15, 34 23 39
No  --10 23 16, 34 23 40
No  --10 23 17, 34 23 41
No  --10 23 18, 34 23 42
No  --10 23 19, 34 23 43
No  --10 23 20, 34 23 44
No  --10 23 21, 34 23 45
No  --10 23 22, 34 23 46
No  --10 24 11, 34 24 35
No  --10 24 12, 34 24 36
No  --10 24 13, 34 24 37
No  --10 24 14, 34 24 38
No  --10 24 15, 34 24 39
No  --10 24 16, 34 24 40
No  --10 24 17, 34 24 41
No  --10 24 18, 34 24 42
No  --10 24 19, 34 24 43
No  --10 24 20, 34 24 44
No  --10 24 21, 34 24 45
No  --10 24 22, 34 24 46
No  --10 24 23, 34 24 47
No  --11 1 12, 11 1 12
No  --11 1 13, 11 1 13
No  --11 1 14, 11 1 14
No  --11 1 15, 11 1 15
No  --11 1 16, 11 1 16
No  --11 1 17, 11 1 17
No  --11 1 18, 11 1 18
No  --11 1 19, 11 1 19
No  --11 1 20, 11 1 20
No  --11 1 21, 11 1 21
No  --11 1 22, 11 1 22
No  --11 1 23, 11 1 23
No  --11 1 24, 11 1 24
No  --11 2 12, 11 2 12
No  --11 2 13, 11 2 13
No  --11 2 14, 11 2 14
No  --11 2 15, 11 2 15
No  --11 2 16, 11 2 16
No  --11 2 17, 11 2 17
No  --11 2 18, 11 2 18
No  --11 2 19, 11 2 19
No  --11 2 20, 11 2 20
No  --11 2 21, 11 2 21
No  --11 2 22, 11 2 22
No  --11 2 23, 11 2 23
No  --11 2 24, 11 2 24
No  --11 3 12, 11 3 12
No  --11 3 13, 11 3 13
No  --11 3 14, 11 3 14
No  --11 3 15, 11 3 15
No  --11 3 16, 11 3 16
No  --11 3 17, 11 3 17
No  --11 3 18, 11 3 18
No  --11 3 19, 11 3 19
No  --11 3 20, 11 3 20
No  --11 3 21, 11 3 21
No  --11 3 22, 11 3 22
No  --11 3 23, 11 3 23
No  --11 3 24, 11 3 24
No  --11 4 12, 11 4 12
No  --11 4 13, 11 4 13
No  --11 4 14, 11 4 14
No  --11 4 15, 11 4 15
No  --11 4 16, 11 4 16
No  --11 4 17, 11 4 17
No  --11 4 18, 11 4 18
No  --11 4 19, 11 4 19
No  --11 4 20, 11 4 20
No  --11 4 21, 11 4 21
No  --11 4 22, 11 4 22
No  --11 4 23, 11 4 23
No  --11 4 24, 11 4 24
No  --11 5 12, 11 5 12
No  --11 5 13, 11 5 13
No  --11 5 14, 11 5 14
No  --11 5 15, 11 5 15
No  --11 5 16, 11 5 16
No  --11 5 17, 11 5 17
No  --11 5 18, 11 5 18
No  --11 5 19, 11 5 19
No  --11 5 20, 11 5 20
No  --11 5 21, 11 5 21
No  --11 5 22, 11 5 22
No  --11 5 23, 11 5 23
No  --11 5 24, 11 5 24
No  --11 6 12, 11 6 12
No  --11 6 13, 11 6 13
No  --11 6 14, 11 6 14
No  --11 6 15, 11 6 15
No  --11 6 16, 11 6 16
No  --11 6 17, 11 6 17
No  --11 6 18, 11 6 18
No  --11 6 19, 11 6 19
No  --11 6 20, 11 6 20
No  --11 6 21, 11 6 21
No  --11 6 22, 11 6 22
No  --11 6 23, 11 6 23
No  --11 6 24, 11 6 24
No  --11 7 12, 11 7 12
No  --11 7 13, 11 7 13
No  --11 7 14, 11 7 14
No  --11 7 15, 11 7 15
No  --11 7 16, 11 7 16
No  --11 7 17, 11 7 17
No  --11 7 18, 11 7 18
No  --11 7 19, 11 7 19
No  --11 7 20, 11 7 20
No  --11 7 21, 11 7 21
No  --11 7 22, 11 7 22
No  --11 7 23, 11 7 23
No  --11 7 24, 11 7 24
No  --11 8 12, 11 8 12
No  --11 8 13, 11 8 13
No  --11 8 14, 11 8 14
No  --11 8 15, 11 8 15
No  --11 8 16, 11 8 16
No  --11 8 17, 11 8 17
No  --11 8 18, 11 8 18
No  --11 8 19, 11 8 19
No  --11 8 20, 11 8 20
No  --11 8 21, 11 8 21
No  --11 8 22, 11 8 22
No  --11 8 23, 11 8 23
No  --11 8 24, 11 8 24
No  --11 9 12, 11 9 12
No  --11 9 13, 11 9 13
No  --11 9 14, 11 9 14
No  --11 9 15, 11 9 15
No  --11 9 16, 11 9 16
No  --11 9 17, 11 9 17
No  --11 9 18, 11 9 18
No  --11 9 19, 11 9 19
No  --11 9 20, 11 9 20
No  --11 9 21, 11 9 21
No  --11 9 22, 11 9 22
No  --11 9 23, 11 9 23
No  --11 9 24, 11 9 24
No  --11 10 12, 11 10 12
No  --11 10 13, 11 10 13
No  --11 10 14, 11 10 14
No  --11 10 15, 11 10 15
No  --11 10 16, 11 10 16
No  --11 10 17, 11 10 17
No  --11 10 18, 11 10 18
No  --11 10 19, 11 10 19
No  --11 10 20, 11 10 20
No  --11 10 21, 11 10 21
No  --11 10 22, 11 10 22
No  --11 10 23, 11 10 23
No  --11 10 24, 11 10 24
No  --11 13 12, 35 13 36
No  --11 14 12, 35 14 36
No  --11 14 13, 35 14 37
No  --11 15 12, 35 15 36
No  --11 15 13, 35 15 37
No  --11 15 14, 35 15 38
No  --11 16 12, 35 16 36
No  --11 16 13, 35 16 37
No  --11 16 14, 35 16 38
No  --11 16 15, 35 16 39
No  --11 17 12, 35 17 36
No  --11 17 13, 35 17 37
No  --11 17 14, 35 17 38
No  --11 17 15, 35 17 39
No  --11 17 16, 35 17 40
No  --11 18 12, 35 18 36
No  --11 18 13, 35 18 37
No  --11 18 14, 35 18 38
No  --11 18 15, 35 18 39
No  --11 18 16, 35 18 40
No  --11 18 17, 35 18 41
No  --11 19 12, 35 19 36
No  --11 19 13, 35 19 37
No  --11 19 14, 35 19 38
No  --11 19 15, 35 19 39
No  --11 19 16, 35 19 40
No  --11 19 17, 35 19 41
No  --11 19 18, 35 19 42
No  --11 20 12, 35 20 36
No  --11 20 13, 35 20 37
No  --11 20 14, 35 20 38
No  --11 20 15, 35 20 39
No  --11 20 16, 35 20 40
No  --11 20 17, 35 20 41
No  --11 20 18, 35 20 42
No  --11 20 19, 35 20 43
No  --11 21 12, 35 21 36
No  --11 21 13, 35 21 37
No  --11 21 14, 35 21 38
No  --11 21 15, 35 21 39
No  --11 21 16, 35 21 40
No  --11 21 17, 35 21 41
No  --11 21 18, 35 21 42
No  --11 21 19, 35 21 43
No  --11 21 20, 35 21 44
No  --11 22 12, 35 22 36
No  --11 22 13, 35 22 37
No  --11 22 14, 35 22 38
No  --11 22 15, 35 22 39
No  --11 22 16, 35 22 40
No  --11 22 17, 35 22 41
No  --11 22 18, 35 22 42
No  --11 22 19, 35 22 43
No  --11 22 20, 35 22 44
No  --11 22 21, 35 22 45
No  --11 23 12, 35 23 36
No  --11 23 13, 35 23 37
No  --11 23 14, 35 23 38
No  --11 23 15, 35 23 39
No  --11 23 16, 35 23 40
No  --11 23 17, 35 23 41
No  --11 23 18, 35 23 42
No  --11 23 19, 35 23 43
No  --11 23 20, 35 23 44
No  --11 23 21, 35 23 45
No  --11 23 22, 35 23 46
No  --11 24 12, 35 24 36
No  --11 24 13, 35 24 37
No  --11 24 14, 35 24 38
No  --11 24 15, 35 24 39
No  --11 24 16, 35 24 40
No  --11 24 17, 35 24 41
No  --11 24 18, 35 24 42
No  --11 24 19, 35 24 43
No  --11 24 20, 35 24 44
No  --11 24 21, 35 24 45
No  --11 24 22, 35 24 46
No  --11 24 23, 35 24 47
No  --12 1 13, 12 1 13
No  --12 1 14, 12 1 14
No  --12 1 15, 12 1 15
No  --12 1 16, 12 1 16
No  --12 1 17, 12 1 17
No  --12 1 18, 12 1 18
No  --12 1 19, 12 1 19
No  --12 1 20, 12 1 20
No  --12 1 21, 12 1 21
No  --12 1 22, 12 1 22
No  --12 1 23, 12 1 23
No  --12 1 24, 12 1 24
No  --12 2 13, 12 2 13
No  --12 2 14, 12 2 14
No  --12 2 15, 12 2 15
No  --12 2 16, 12 2 16
No  --12 2 17, 12 2 17
No  --12 2 18, 12 2 18
No  --12 2 19, 12 2 19
No  --12 2 20, 12 2 20
No  --12 2 21, 12 2 21
No  --12 2 22, 12 2 22
No  --12 2 23, 12 2 23
No  --12 2 24, 12 2 24
No  --12 3 13, 12 3 13
No  --12 3 14, 12 3 14
No  --12 3 15, 12 3 15
No  --12 3 16, 12 3 16
No  --12 3 17, 12 3 17
No  --12 3 18, 12 3 18
No  --12 3 19, 12 3 19
No  --12 3 20, 12 3 20
No  --12 3 21, 12 3 21
No  --12 3 22, 12 3 22
No  --12 3 23, 12 3 23
No  --12 3 24, 12 3 24
No  --12 4 13, 12 4 13
No  --12 4 14, 12 4 14
No  --12 4 15, 12 4 15
No  --12 4 16, 12 4 16
No  --12 4 17, 12 4 17
No  --12 4 18, 12 4 18
No  --12 4 19, 12 4 19
No  --12 4 20, 12 4 20
No  --12 4 21, 12 4 21
No  --12 4 22, 12 4 22
No  --12 4 23, 12 4 23
No  --12 4 24, 12 4 24
No  --12 5 13, 12 5 13
No  --12 5 14, 12 5 14
No  --12 5 15, 12 5 15
No  --12 5 16, 12 5 16
No  --12 5 17, 12 5 17
No  --12 5 18, 12 5 18
No  --12 5 19, 12 5 19
No  --12 5 20, 12 5 20
No  --12 5 21, 12 5 21
No  --12 5 22, 12 5 22
No  --12 5 23, 12 5 23
No  --12 5 24, 12 5 24
No  --12 6 13, 12 6 13
No  --12 6 14, 12 6 14
No  --12 6 15, 12 6 15
No  --12 6 16, 12 6 16
No  --12 6 17, 12 6 17
No  --12 6 18, 12 6 18
No  --12 6 19, 12 6 19
No  --12 6 20, 12 6 20
No  --12 6 21, 12 6 21
No  --12 6 22, 12 6 22
No  --12 6 23, 12 6 23
No  --12 6 24, 12 6 24
No  --12 7 13, 12 7 13
No  --12 7 14, 12 7 14
No  --12 7 15, 12 7 15
No  --12 7 16, 12 7 16
No  --12 7 17, 12 7 17
No  --12 7 18, 12 7 18
No  --12 7 19, 12 7 19
No  --12 7 20, 12 7 20
No  --12 7 21, 12 7 21
No  --12 7 22, 12 7 22
No  --12 7 23, 12 7 23
No  --12 7 24, 12 7 24
No  --12 8 13, 12 8 13
No  --12 8 14, 12 8 14
No  --12 8 15, 12 8 15
No  --12 8 16, 12 8 16
No  --12 8 17, 12 8 17
No  --12 8 18, 12 8 18
No  --12 8 19, 12 8 19
No  --12 8 20, 12 8 20
No  --12 8 21, 12 8 21
No  --12 8 22, 12 8 22
No  --12 8 23, 12 8 23
No  --12 8 24, 12 8 24
No  --12 9 13, 12 9 13
No  --12 9 14, 12 9 14
No  --12 9 15, 12 9 15
No  --12 9 16, 12 9 16
No  --12 9 17, 12 9 17
No  --12 9 18, 12 9 18
No  --12 9 19, 12 9 19
No  --12 9 20, 12 9 20
No  --12 9 21, 12 9 21
No  --12 9 22, 12 9 22
No  --12 9 23, 12 9 23
No  --12 9 24, 12 9 24
No  --12 10 13, 12 10 13
No  --12 10 14, 12 10 14
No  --12 10 15, 12 10 15
No  --12 10 16, 12 10 16
No  --12 10 17, 12 10 17
No  --12 10 18, 12 10 18
No  --12 10 19, 12 10 19
No  --12 10 20, 12 10 20
No  --12 10 21, 12 10 21
No  --12 10 22, 12 10 22
No  --12 10 23, 12 10 23
No  --12 10 24, 12 10 24
No  --12 11 13, 12 11 13
No  --12 11 14, 12 11 14
No  --12 11 15, 12 11 15
No  --12 11 16, 12 11 16
No  --12 11 17, 12 11 17
No  --12 11 18, 12 11 18
No  --12 11 19, 12 11 19
No  --12 11 20, 12 11 20
No  --12 11 21, 12 11 21
No  --12 11 22, 12 11 22
No  --12 11 23, 12 11 23
No  --12 11 24, 12 11 24
No  --12 14 13, 36 14 37
No  --12 15 13, 36 15 37
No  --12 15 14, 36 15 38
No  --12 16 13, 36 16 37
No  --12 16 14, 36 16 38
No  --12 16 15, 36 16 39
No  --12 17 13, 36 17 37
No  --12 17 14, 36 17 38
No  --12 17 15, 36 17 39
No  --12 17 16, 36 17 40
No  --12 18 13, 36 18 37
No  --12 18 14, 36 18 38
No  --12 18 15, 36 18 39
No  --12 18 16, 36 18 40
No  --12 18 17, 36 18 41
No  --12 19 13, 36 19 37
No  --12 19 14, 36 19 38
No  --12 19 15, 36 19 39
No  --12 19 16, 36 19 40
No  --12 19 17, 36 19 41
No  --12 19 18, 36 19 42
No  --12 20 13, 36 20 37
No  --12 20 14, 36 20 38
No  --12 20 15, 36 20 39
No  --12 20 16, 36 20 40
No  --12 20 17, 36 20 41
No  --12 20 18, 36 20 42
No  --12 20 19, 36 20 43
No  --12 21 13, 36 21 37
No  --12 21 14, 36 21 38
No  --12 21 15, 36 21 39
No  --12 21 16, 36 21 40
No  --12 21 17, 36 21 41
No  --12 21 18, 36 21 42
No  --12 21 19, 36 21 43
No  --12 21 20, 36 21 44
No  --12 22 13, 36 22 37
No  --12 22 14, 36 22 38
No  --12 22 15, 36 22 39
No  --12 22 16, 36 22 40
No  --12 22 17, 36 22 41
No  --12 22 18, 36 22 42
No  --12 22 19, 36 22 43
No  --12 22 20, 36 22 44
No  --12 22 21, 36 22 45
No  --12 23 13, 36 23 37
No  --12 23 14, 36 23 38
No  --12 23 15, 36 23 39
No  --12 23 16, 36 23 40
No  --12 23 17, 36 23 41
No  --12 23 18, 36 23 42
No  --12 23 19, 36 23 43
No  --12 23 20, 36 23 44
No  --12 23 21, 36 23 45
No  --12 23 22, 36 23 46
No  --12 24 13, 36 24 37
No  --12 24 14, 36 24 38
No  --12 24 15, 36 24 39
No  --12 24 16, 36 24 40
No  --12 24 17, 36 24 41
No  --12 24 18, 36 24 42
No  --12 24 19, 36 24 43
No  --12 24 20, 36 24 44
No  --12 24 21, 36 24 45
No  --12 24 22, 36 24 46
No  --12 24 23, 36 24 47
No  --13 1 14, 13 1 14
No  --13 1 15, 13 1 15
No  --13 1 16, 13 1 16
No  --13 1 17, 13 1 17
No  --13 1 18, 13 1 18
No  --13 1 19, 13 1 19
No  --13 1 20, 13 1 20
No  --13 1 21, 13 1 21
No  --13 1 22, 13 1 22
No  --13 1 23, 13 1 23
No  --13 1 24, 13 1 24
No  --13 2 14, 13 2 14
No  --13 2 15, 13 2 15
No  --13 2 16, 13 2 16
No  --13 2 17, 13 2 17
No  --13 2 18, 13 2 18
No  --13 2 19, 13 2 19
No  --13 2 20, 13 2 20
No  --13 2 21, 13 2 21
No  --13 2 22, 13 2 22
No  --13 2 23, 13 2 23
No  --13 2 24, 13 2 24
No  --13 3 14, 13 3 14
No  --13 3 15, 13 3 15
No  --13 3 16, 13 3 16
No  --13 3 17, 13 3 17
No  --13 3 18, 13 3 18
No  --13 3 19, 13 3 19
No  --13 3 20, 13 3 20
No  --13 3 21, 13 3 21
No  --13 3 22, 13 3 22
No  --13 3 23, 13 3 23
No  --13 3 24, 13 3 24
No  --13 4 14, 13 4 14
No  --13 4 15, 13 4 15
No  --13 4 16, 13 4 16
No  --13 4 17, 13 4 17
No  --13 4 18, 13 4 18
No  --13 4 19, 13 4 19
No  --13 4 20, 13 4 20
No  --13 4 21, 13 4 21
No  --13 4 22, 13 4 22
No  --13 4 23, 13 4 23
No  --13 4 24, 13 4 24
No  --13 5 14, 13 5 14
No  --13 5 15, 13 5 15
No  --13 5 16, 13 5 16
No  --13 5 17, 13 5 17
No  --13 5 18, 13 5 18
No  --13 5 19, 13 5 19
No  --13 5 20, 13 5 20
No  --13 5 21, 13 5 21
No  --13 5 22, 13 5 22
No  --13 5 23, 13 5 23
No  --13 5 24, 13 5 24
No  --13 6 14, 13 6 14
No  --13 6 15, 13 6 15
No  --13 6 16, 13 6 16
No  --13 6 17, 13 6 17
No  --13 6 18, 13 6 18
No  --13 6 19, 13 6 19
No  --13 6 20, 13 6 20
No  --13 6 21, 13 6 21
No  --13 6 22, 13 6 22
No  --13 6 23, 13 6 23
No  --13 6 24, 13 6 24
No  --13 7 14, 13 7 14
No  --13 7 15, 13 7 15
No  --13 7 16, 13 7 16
No  --13 7 17, 13 7 17
No  --13 7 18, 13 7 18
No  --13 7 19, 13 7 19
No  --13 7 20, 13 7 20
No  --13 7 21, 13 7 21
No  --13 7 22, 13 7 22
No  --13 7 23, 13 7 23
No  --13 7 24, 13 7 24
No  --13 8 14, 13 8 14
No  --13 8 15, 13 8 15
No  --13 8 16, 13 8 16
No  --13 8 17, 13 8 17
No  --13 8 18, 13 8 18
No  --13 8 19, 13 8 19
No  --13 8 20, 13 8 20
No  --13 8 21, 13 8 21
No  --13 8 22, 13 8 22
No  --13 8 23, 13 8 23
No  --13 8 24, 13 8 24
No  --13 9 14, 13 9 14
No  --13 9 15, 13 9 15
No  --13 9 16, 13 9 16
No  --13 9 17, 13 9 17
No  --13 9 18, 13 9 18
No  --13 9 19, 13 9 19
No  --13 9 20, 13 9 20
No  --13 9 21, 13 9 21
No  --13 9 22, 13 9 22
No  --13 9 23, 13 9 23
No  --13 9 24, 13 9 24
No  --13 10 14, 13 10 14
No  --13 10 15, 13 10 15
No  --13 10 16, 13 10 16
No  --13 10 17, 13 10 17
No  --13 10 18, 13 10 18
No  --13 10 19, 13 10 19
No  --13 10 20, 13 10 20
No  --13 10 21, 13 10 21
No  --13 10 22, 13 10 22
No  --13 10 23, 13 10 23
No  --13 10 24, 13 10 24
No  --13 11 14, 13 11 14
No  --13 11 15, 13 11 15
No  --13 11 16, 13 11 16
No  --13 11 17, 13 11 17
No  --13 11 18, 13 11 18
No  --13 11 19, 13 11 19
No  --13 11 20, 13 11 20
No  --13 11 21, 13 11 21
No  --13 11 22, 13 11 22
No  --13 11 23, 13 11 23
No  --13 11 24, 13 11 24
No  --13 12 14, 13 12 14
No  --13 12 15, 13 12 15
No  --13 12 16, 13 12 16
No  --13 12 17, 13 12 17
No  --13 12 18, 13 12 18
No  --13 12 19, 13 12 19
No  --13 12 20, 13 12 20
No  --13 12 21, 13 12 21
No  --13 12 22, 13 12 22
No  --13 12 23, 13 12 23
No  --13 12 24, 13 12 24
No  --13 15 14, 37 15 38
No  --13 16 14, 37 16 38
No  --13 16 15, 37 16 39
No  --13 17 14, 37 17 38
No  --13 17 15, 37 17 39
No  --13 17 16, 37 17 40
No  --13 18 14, 37 18 38
No  --13 18 15, 37 18 39
No  --13 18 16, 37 18 40
No  --13 18 17, 37 18 41
No  --13 19 14, 37 19 38
No  --13 19 15, 37 19 39
No  --13 19 16, 37 19 40
No  --13 19 17, 37 19 41
No  --13 19 18, 37 19 42
No  --13 20 14, 37 20 38
No  --13 20 15, 37 20 39
No  --13 20 16, 37 20 40
No  --13 20 17, 37 20 41
No  --13 20 18, 37 20 42
No  --13 20 19, 37 20 43
No  --13 21 14, 37 21 38
No  --13 21 15, 37 21 39
No  --13 21 16, 37 21 40
No  --13 21 17, 37 21 41
No  --13 21 18, 37 21 42
No  --13 21 19, 37 21 43
No  --13 21 20, 37 21 44
No  --13 22 14, 37 22 38
No  --13 22 15, 37 22 39
No  --13 22 16, 37 22 40
No  --13 22 17, 37 22 41
No  --13 22 18, 37 22 42
No  --13 22 19, 37 22 43
No  --13 22 20, 37 22 44
No  --13 22 21, 37 22 45
No  --13 23 14, 37 23 38
No  --13 23 15, 37 23 39
No  --13 23 16, 37 23 40
No  --13 23 17, 37 23 41
No  --13 23 18, 37 23 42
No  --13 23 19, 37 23 43
No  --13 23 20, 37 23 44
No  --13 23 21, 37 23 45
No  --13 23 22, 37 23 46
No  --13 24 14, 37 24 38
No  --13 24 15, 37 24 39
No  --13 24 16, 37 24 40
No  --13 24 17, 37 24 41
No  --13 24 18, 37 24 42
No  --13 24 19, 37 24 43
No  --13 24 20, 37 24 44
No  --13 24 21, 37 24 45
No  --13 24 22, 37 24 46
No  --13 24 23, 37 24 47
No  --14 1 15, 14 1 15
No  --14 1 16, 14 1 16
No  --14 1 17, 14 1 17
No  --14 1 18, 14 1 18
No  --14 1 19, 14 1 19
No  --14 1 20, 14 1 20
No  --14 1 21, 14 1 21
No  --14 1 22, 14 1 22
No  --14 1 23, 14 1 23
No  --14 1 24, 14 1 24
No  --14 2 15, 14 2 15
No  --14 2 16, 14 2 16
No  --14 2 17, 14 2 17
No  --14 2 18, 14 2 18
No  --14 2 19, 14 2 19
No  --14 2 20, 14 2 20
No  --14 2 21, 14 2 21
No  --14 2 22, 14 2 22
No  --14 2 23, 14 2 23
No  --14 2 24, 14 2 24
No  --14 3 15, 14 3 15
No  --14 3 16, 14 3 16
No  --14 3 17, 14 3 17
No  --14 3 18, 14 3 18
No  --14 3 19, 14 3 19
No  --14 3 20, 14 3 20
No  --14 3 21, 14 3 21
No  --14 3 22, 14 3 22
No  --14 3 23, 14 3 23
No  --14 3 24, 14 3 24
No  --14 4 15, 14 4 15
No  --14 4 16, 14 4 16
No  --14 4 17, 14 4 17
No  --14 4 18, 14 4 18
No  --14 4 19, 14 4 19
No  --14 4 20, 14 4 20
No  --14 4 21, 14 4 21
No  --14 4 22, 14 4 22
No  --14 4 23, 14 4 23
No  --14 4 24, 14 4 24
No  --14 5 15, 14 5 15
No  --14 5 16, 14 5 16
No  --14 5 17, 14 5 17
No  --14 5 18, 14 5 18
No  --14 5 19, 14 5 19
No  --14 5 20, 14 5 20
No  --14 5 21, 14 5 21
No  --14 5 22, 14 5 22
No  --14 5 23, 14 5 23
No  --14 5 24, 14 5 24
No  --14 6 15, 14 6 15
No  --14 6 16, 14 6 16
No  --14 6 17, 14 6 17
No  --14 6 18, 14 6 18
No  --14 6 19, 14 6 19
No  --14 6 20, 14 6 20
No  --14 6 21, 14 6 21
No  --14 6 22, 14 6 22
No  --14 6 23, 14 6 23
No  --14 6 24, 14 6 24
No  --14 7 15, 14 7 15
No  --14 7 16, 14 7 16
No  --14 7 17, 14 7 17
No  --14 7 18, 14 7 18
No  --14 7 19, 14 7 19
No  --14 7 20, 14 7 20
No  --14 7 21, 14 7 21
No  --14 7 22, 14 7 22
No  --14 7 23, 14 7 23
No  --14 7 24, 14 7 24
No  --14 8 15, 14 8 15
No  --14 8 16, 14 8 16
No  --14 8 17, 14 8 17
No  --14 8 18, 14 8 18
No  --14 8 19, 14 8 19
No  --14 8 20, 14 8 20
No  --14 8 21, 14 8 21
No  --14 8 22, 14 8 22
No  --14 8 23, 14 8 23
No  --14 8 24, 14 8 24
No  --14 9 15, 14 9 15
No  --14 9 16, 14 9 16
No  --14 9 17, 14 9 17
No  --14 9 18, 14 9 18
No  --14 9 19, 14 9 19
No  --14 9 20, 14 9 20
No  --14 9 21, 14 9 21
No  --14 9 22, 14 9 22
No  --14 9 23, 14 9 23
No  --14 9 24, 14 9 24
No  --14 10 15, 14 10 15
No  --14 10 16, 14 10 16
No  --14 10 17, 14 10 17
No  --14 10 18, 14 10 18
No  --14 10 19, 14 10 19
No  --14 10 20, 14 10 20
No  --14 10 21, 14 10 21
No  --14 10 22, 14 10 22
No  --14 10 23, 14 10 23
No  --14 10 24, 14 10 24
No  --14 11 15, 14 11 15
No  --14 11 16, 14 11 16
No  --14 11 17, 14 11 17
No  --14 11 18, 14 11 18
No  --14 11 19, 14 11 19
No  --14 11 20, 14 11 20
No  --14 11 21, 14 11 21
No  --14 11 22, 14 11 22
No  --14 11 23, 14 11 23
No  --14 11 24, 14 11 24
No  --14 12 15, 14 12 15
No  --14 12 16, 14 12 16
No  --14 12 17, 14 12 17
No  --14 12 18, 14 12 18
No  --14 12 19, 14 12 19
No  --14 12 20, 14 12 20
No  --14 12 21, 14 12 21
No  --14 12 22, 14 12 22
No  --14 12 23, 14 12 23
No  --14 12 24, 14 12 24
No  --14 13 15, 14 13 15
No  --14 13 16, 14 13 16
No  --14 13 17, 14 13 17
No  --14 13 18, 14 13 18
No  --14 13 19, 14 13 19
No  --14 13 20, 14 13 20
No  --14 13 21, 14 13 21
No  --14 13 22, 14 13 22
No  --14 13 23, 14 13 23
No  --14 13 24, 14 13 24
No  --14 16 15, 38 16 39
No  --14 17 15, 38 17 39
No  --14 17 16, 38 17 40
No  --14 18 15, 38 18 39
No  --14 18 16, 38 18 40
No  --14 18 17, 38 18 41
No  --14 19 15, 38 19 39
No  --14 19 16, 38 19 40
No  --14 19 17, 38 19 41
No  --14 19 18, 38 19 42
No  --14 20 15, 38 20 39
No  --14 20 16, 38 20 40
No  --14 20 17, 38 20 41
No  --14 20 18, 38 20 42
No  --14 20 19, 38 20 43
No  --14 21 15, 38 21 39
No  --14 21 16, 38 21 40
No  --14 21 17, 38 21 41
No  --14 21 18, 38 21 42
No  --14 21 19, 38 21 43
No  --14 21 20, 38 21 44
No  --14 22 15, 38 22 39
No  --14 22 16, 38 22 40
No  --14 22 17, 38 22 41
No  --14 22 18, 38 22 42
No  --14 22 19, 38 22 43
No  --14 22 20, 38 22 44
No  --14 22 21, 38 22 45
No  --14 23 15, 38 23 39
No  --14 23 16, 38 23 40
No  --14 23 17, 38 23 41
No  --14 23 18, 38 23 42
No  --14 23 19, 38 23 43
No  --14 23 20, 38 23 44
No  --14 23 21, 38 23 45
No  --14 23 22, 38 23 46
No  --14 24 15, 38 24 39
No  --14 24 16, 38 24 40
No  --14 24 17, 38 24 41
No  --14 24 18, 38 24 42
No  --14 24 19, 38 24 43
No  --14 24 20, 38 24 44
No  --14 24 21, 38 24 45
No  --14 24 22, 38 24 46
No  --14 24 23, 38 24 47
No  --15 1 16, 15 1 16
No  --15 1 17, 15 1 17
No  --15 1 18, 15 1 18
No  --15 1 19, 15 1 19
No  --15 1 20, 15 1 20
No  --15 1 21, 15 1 21
No  --15 1 22, 15 1 22
No  --15 1 23, 15 1 23
No  --15 1 24, 15 1 24
No  --15 2 16, 15 2 16
No  --15 2 17, 15 2 17
No  --15 2 18, 15 2 18
No  --15 2 19, 15 2 19
No  --15 2 20, 15 2 20
No  --15 2 21, 15 2 21
No  --15 2 22, 15 2 22
No  --15 2 23, 15 2 23
No  --15 2 24, 15 2 24
No  --15 3 16, 15 3 16
No  --15 3 17, 15 3 17
No  --15 3 18, 15 3 18
No  --15 3 19, 15 3 19
No  --15 3 20, 15 3 20
No  --15 3 21, 15 3 21
No  --15 3 22, 15 3 22
No  --15 3 23, 15 3 23
No  --15 3 24, 15 3 24
No  --15 4 16, 15 4 16
No  --15 4 17, 15 4 17
No  --15 4 18, 15 4 18
No  --15 4 19, 15 4 19
No  --15 4 20, 15 4 20
No  --15 4 21, 15 4 21
No  --15 4 22, 15 4 22
No  --15 4 23, 15 4 23
No  --15 4 24, 15 4 24
No  --15 5 16, 15 5 16
No  --15 5 17, 15 5 17
No  --15 5 18, 15 5 18
No  --15 5 19, 15 5 19
No  --15 5 20, 15 5 20
No  --15 5 21, 15 5 21
No  --15 5 22, 15 5 22
No  --15 5 23, 15 5 23
No  --15 5 24, 15 5 24
No  --15 6 16, 15 6 16
No  --15 6 17, 15 6 17
No  --15 6 18, 15 6 18
No  --15 6 19, 15 6 19
No  --15 6 20, 15 6 20
No  --15 6 21, 15 6 21
No  --15 6 22, 15 6 22
No  --15 6 23, 15 6 23
No  --15 6 24, 15 6 24
No  --15 7 16, 15 7 16
No  --15 7 17, 15 7 17
No  --15 7 18, 15 7 18
No  --15 7 19, 15 7 19
No  --15 7 20, 15 7 20
No  --15 7 21, 15 7 21
No  --15 7 22, 15 7 22
No  --15 7 23, 15 7 23
No  --15 7 24, 15 7 24
No  --15 8 16, 15 8 16
No  --15 8 17, 15 8 17
No  --15 8 18, 15 8 18
No  --15 8 19, 15 8 19
No  --15 8 20, 15 8 20
No  --15 8 21, 15 8 21
No  --15 8 22, 15 8 22
No  --15 8 23, 15 8 23
No  --15 8 24, 15 8 24
No  --15 9 16, 15 9 16
No  --15 9 17, 15 9 17
No  --15 9 18, 15 9 18
No  --15 9 19, 15 9 19
No  --15 9 20, 15 9 20
No  --15 9 21, 15 9 21
No  --15 9 22, 15 9 22
No  --15 9 23, 15 9 23
No  --15 9 24, 15 9 24
No  --15 10 16, 15 10 16
No  --15 10 17, 15 10 17
No  --15 10 18, 15 10 18
No  --15 10 19, 15 10 19
No  --15 10 20, 15 10 20
No  --15 10 21, 15 10 21
No  --15 10 22, 15 10 22
No  --15 10 23, 15 10 23
No  --15 10 24, 15 10 24
No  --15 11 16, 15 11 16
No  --15 11 17, 15 11 17
No  --15 11 18, 15 11 18
No  --15 11 19, 15 11 19
No  --15 11 20, 15 11 20
No  --15 11 21, 15 11 21
No  --15 11 22, 15 11 22
No  --15 11 23, 15 11 23
No  --15 11 24, 15 11 24
No  --15 12 16, 15 12 16
No  --15 12 17, 15 12 17
No  --15 12 18, 15 12 18
No  --15 12 19, 15 12 19
No  --15 12 20, 15 12 20
No  --15 12 21, 15 12 21
No  --15 12 22, 15 12 22
No  --15 12 23, 15 12 23
No  --15 12 24, 15 12 24
No  --15 13 16, 15 13 16
No  --15 13 17, 15 13 17
No  --15 13 18, 15 13 18
No  --15 13 19, 15 13 19
No  --15 13 20, 15 13 20
No  --15 13 21, 15 13 21
No  --15 13 22, 15 13 22
No  --15 13 23, 15 13 23
No  --15 13 24, 15 13 24
No  --15 14 16, 15 14 16
No  --15 14 17, 15 14 17
No  --15 14 18, 15 14 18
No  --15 14 19, 15 14 19
No  --15 14 20, 15 14 20
No  --15 14 21, 15 14 21
No  --15 14 22, 15 14 22
No  --15 14 23, 15 14 23
No  --15 14 24, 15 14 24
No  --15 17 16, 39 17 40
No  --15 18 16, 39 18 40
No  --15 18 17, 39 18 41
No  --15 19 16, 39 19 40
No  --15 19 17, 39 19 41
No  --15 19 18, 39 19 42
No  --15 20 16, 39 20 40
No  --15 20 17, 39 20 41
No  --15 20 18, 39 20 42
No  --15 20 19, 39 20 43
No  --15 21 16, 39 21 40
No  --15 21 17, 39 21 41
No  --15 21 18, 39 21 42
No  --15 21 19, 39 21 43
No  --15 21 20, 39 21 44
No  --15 22 16, 39 22 40
No  --15 22 17, 39 22 41
No  --15 22 18, 39 22 42
No  --15 22 19, 39 22 43
No  --15 22 20, 39 22 44
No  --15 22 21, 39 22 45
No  --15 23 16, 39 23 40
No  --15 23 17, 39 23 41
No  --15 23 18, 39 23 42
No  --15 23 19, 39 23 43
No  --15 23 20, 39 23 44
No  --15 23 21, 39 23 45
No  --15 23 22, 39 23 46
No  --15 24 16, 39 24 40
No  --15 24 17, 39 24 41
No  --15 24 18, 39 24 42
No  --15 24 19, 39 24 43
No  --15 24 20, 39 24 44
No  --15 24 21, 39 24 45
No  --15 24 22, 39 24 46
No  --15 24 23, 39 24 47
No  --16 1 17, 16 1 17
No  --16 1 18, 16 1 18
No  --16 1 19, 16 1 19
No  --16 1 20, 16 1 20
No  --16 1 21, 16 1 21
No  --16 1 22, 16 1 22
No  --16 1 23, 16 1 23
No  --16 1 24, 16 1 24
No  --16 2 17, 16 2 17
No  --16 2 18, 16 2 18
No  --16 2 19, 16 2 19
No  --16 2 20, 16 2 20
No  --16 2 21, 16 2 21
No  --16 2 22, 16 2 22
No  --16 2 23, 16 2 23
No  --16 2 24, 16 2 24
No  --16 3 17, 16 3 17
No  --16 3 18, 16 3 18
No  --16 3 19, 16 3 19
No  --16 3 20, 16 3 20
No  --16 3 21, 16 3 21
No  --16 3 22, 16 3 22
No  --16 3 23, 16 3 23
No  --16 3 24, 16 3 24
No  --16 4 17, 16 4 17
No  --16 4 18, 16 4 18
No  --16 4 19, 16 4 19
No  --16 4 20, 16 4 20
No  --16 4 21, 16 4 21
No  --16 4 22, 16 4 22
No  --16 4 23, 16 4 23
No  --16 4 24, 16 4 24
No  --16 5 17, 16 5 17
No  --16 5 18, 16 5 18
No  --16 5 19, 16 5 19
No  --16 5 20, 16 5 20
No  --16 5 21, 16 5 21
No  --16 5 22, 16 5 22
No  --16 5 23, 16 5 23
No  --16 5 24, 16 5 24
No  --16 6 17, 16 6 17
No  --16 6 18, 16 6 18
No  --16 6 19, 16 6 19
No  --16 6 20, 16 6 20
No  --16 6 21, 16 6 21
No  --16 6 22, 16 6 22
No  --16 6 23, 16 6 23
No  --16 6 24, 16 6 24
No  --16 7 17, 16 7 17
No  --16 7 18, 16 7 18
No  --16 7 19, 16 7 19
No  --16 7 20, 16 7 20
No  --16 7 21, 16 7 21
No  --16 7 22, 16 7 22
No  --16 7 23, 16 7 23
No  --16 7 24, 16 7 24
No  --16 8 17, 16 8 17
No  --16 8 18, 16 8 18
No  --16 8 19, 16 8 19
No  --16 8 20, 16 8 20
No  --16 8 21, 16 8 21
No  --16 8 22, 16 8 22
No  --16 8 23, 16 8 23
No  --16 8 24, 16 8 24
No  --16 9 17, 16 9 17
No  --16 9 18, 16 9 18
No  --16 9 19, 16 9 19
No  --16 9 20, 16 9 20
No  --16 9 21, 16 9 21
No  --16 9 22, 16 9 22
No  --16 9 23, 16 9 23
No  --16 9 24, 16 9 24
No  --16 10 17, 16 10 17
No  --16 10 18, 16 10 18
No  --16 10 19, 16 10 19
No  --16 10 20, 16 10 20
No  --16 10 21, 16 10 21
No  --16 10 22, 16 10 22
No  --16 10 23, 16 10 23
No  --16 10 24, 16 10 24
No  --16 11 17, 16 11 17
No  --16 11 18, 16 11 18
No  --16 11 19, 16 11 19
No  --16 11 20, 16 11 20
No  --16 11 21, 16 11 21
No  --16 11 22, 16 11 22
No  --16 11 23, 16 11 23
No  --16 11 24, 16 11 24
No  --16 12 17, 16 12 17
No  --16 12 18, 16 12 18
No  --16 12 19, 16 12 19
No  --16 12 20, 16 12 20
No  --16 12 21, 16 12 21
No  --16 12 22, 16 12 22
No  --16 12 23, 16 12 23
No  --16 12 24, 16 12 24
No  --16 13 17, 16 13 17
No  --16 13 18, 16 13 18
No  --16 13 19, 16 13 19
No  --16 13 20, 16 13 20
No  --16 13 21, 16 13 21
No  --16 13 22, 16 13 22
No  --16 13 23, 16 13 23
No  --16 13 24, 16 13 24
No  --16 14 17, 16 14 17
No  --16 14 18, 16 14 18
No  --16 14 19, 16 14 19
No  --16 14 20, 16 14 20
No  --16 14 21, 16 14 21
No  --16 14 22, 16 14 22
No  --16 14 23, 16 14 23
No  --16 14 24, 16 14 24
No  --16 15 17, 16 15 17
No  --16 15 18, 16 15 18
No  --16 15 19, 16 15 19
No  --16 15 20, 16 15 20
No  --16 15 21, 16 15 21
No  --16 15 22, 16 15 22
No  --16 15 23, 16 15 23
No  --16 15 24, 16 15 24
No  --16 18 17, 40 18 41
No  --16 19 17, 40 19 41
No  --16 19 18, 40 19 42
No  --16 20 17, 40 20 41
No  --16 20 18, 40 20 42
No  --16 20 19, 40 20 43
No  --16 21 17, 40 21 41
No  --16 21 18, 40 21 42
No  --16 21 19, 40 21 43
No  --16 21 20, 40 21 44
No  --16 22 17, 40 22 41
No  --16 22 18, 40 22 42
No  --16 22 19, 40 22 43
No  --16 22 20, 40 22 44
No  --16 22 21, 40 22 45
No  --16 23 17, 40 23 41
No  --16 23 18, 40 23 42
No  --16 23 19, 40 23 43
No  --16 23 20, 40 23 44
No  --16 23 21, 40 23 45
No  --16 23 22, 40 23 46
No  --16 24 17, 40 24 41
No  --16 24 18, 40 24 42
No  --16 24 19, 40 24 43
No  --16 24 20, 40 24 44
No  --16 24 21, 40 24 45
No  --16 24 22, 40 24 46
No  --16 24 23, 40 24 47
No  --17 1 18, 17 1 18
No  --17 1 19, 17 1 19
No  --17 1 20, 17 1 20
No  --17 1 21, 17 1 21
No  --17 1 22, 17 1 22
No  --17 1 23, 17 1 23
No  --17 1 24, 17 1 24
No  --17 2 18, 17 2 18
No  --17 2 19, 17 2 19
No  --17 2 20, 17 2 20
No  --17 2 21, 17 2 21
No  --17 2 22, 17 2 22
No  --17 2 23, 17 2 23
No  --17 2 24, 17 2 24
No  --17 3 18, 17 3 18
No  --17 3 19, 17 3 19
No  --17 3 20, 17 3 20
No  --17 3 21, 17 3 21
No  --17 3 22, 17 3 22
No  --17 3 23, 17 3 23
No  --17 3 24, 17 3 24
No  --17 4 18, 17 4 18
No  --17 4 19, 17 4 19
No  --17 4 20, 17 4 20
No  --17 4 21, 17 4 21
No  --17 4 22, 17 4 22
No  --17 4 23, 17 4 23
No  --17 4 24, 17 4 24
No  --17 5 18, 17 5 18
No  --17 5 19, 17 5 19
No  --17 5 20, 17 5 20
No  --17 5 21, 17 5 21
No  --17 5 22, 17 5 22
No  --17 5 23, 17 5 23
No  --17 5 24, 17 5 24
No  --17 6 18, 17 6 18
No  --17 6 19, 17 6 19
No  --17 6 20, 17 6 20
No  --17 6 21, 17 6 21
No  --17 6 22, 17 6 22
No  --17 6 23, 17 6 23
No  --17 6 24, 17 6 24
No  --17 7 18, 17 7 18
No  --17 7 19, 17 7 19
No  --17 7 20, 17 7 20
No  --17 7 21, 17 7 21
No  --17 7 22, 17 7 22
No  --17 7 23, 17 7 23
No  --17 7 24, 17 7 24
No  --17 8 18, 17 8 18
No  --17 8 19, 17 8 19
No  --17 8 20, 17 8 20
No  --17 8 21, 17 8 21
No  --17 8 22, 17 8 22
No  --17 8 23, 17 8 23
No  --17 8 24, 17 8 24
No  --17 9 18, 17 9 18
No  --17 9 19, 17 9 19
No  --17 9 20, 17 9 20
No  --17 9 21, 17 9 21
No  --17 9 22, 17 9 22
No  --17 9 23, 17 9 23
No  --17 9 24, 17 9 24
No  --17 10 18, 17 10 18
No  --17 10 19, 17 10 19
No  --17 10 20, 17 10 20
No  --17 10 21, 17 10 21
No  --17 10 22, 17 10 22
No  --17 10 23, 17 10 23
No  --17 10 24, 17 10 24
No  --17 11 18, 17 11 18
No  --17 11 19, 17 11 19
No  --17 11 20, 17 11 20
No  --17 11 21, 17 11 21
No  --17 11 22, 17 11 22
No  --17 11 23, 17 11 23
No  --17 11 24, 17 11 24
No  --17 12 18, 17 12 18
No  --17 12 19, 17 12 19
No  --17 12 20, 17 12 20
No  --17 12 21, 17 12 21
No  --17 12 22, 17 12 22
No  --17 12 23, 17 12 23
No  --17 12 24, 17 12 24
No  --17 13 18, 17 13 18
No  --17 13 19, 17 13 19
No  --17 13 20, 17 13 20
No  --17 13 21, 17 13 21
No  --17 13 22, 17 13 22
No  --17 13 23, 17 13 23
No  --17 13 24, 17 13 24
No  --17 14 18, 17 14 18
No  --17 14 19, 17 14 19
No  --17 14 20, 17 14 20
No  --17 14 21, 17 14 21
No  --17 14 22, 17 14 22
No  --17 14 23, 17 14 23
No  --17 14 24, 17 14 24
No  --17 15 18, 17 15 18
No  --17 15 19, 17 15 19
No  --17 15 20, 17 15 20
No  --17 15 21, 17 15 21
No  --17 15 22, 17 15 22
No  --17 15 23, 17 15 23
No  --17 15 24, 17 15 24
No  --17 16 18, 17 16 18
No  --17 16 19, 17 16 19
No  --17 16 20, 17 16 20
No  --17 16 21, 17 16 21
No  --17 16 22, 17 16 22
No  --17 16 23, 17 16 23
No  --17 16 24, 17 16 24
No  --17 19 18, 41 19 42
No  --17 20 18, 41 20 42
No  --17 20 19, 41 20 43
No  --17 21 18, 41 21 42
No  --17 21 19, 41 21 43
No  --17 21 20, 41 21 44
No  --17 22 18, 41 22 42
No  --17 22 19, 41 22 43
No  --17 22 20, 41 22 44
No  --17 22 21, 41 22 45
No  --17 23 18, 41 23 42
No  --17 23 19, 41 23 43
No  --17 23 20, 41 23 44
No  --17 23 21, 41 23 45
No  --17 23 22, 41 23 46
No  --17 24 18, 41 24 42
No  --17 24 19, 41 24 43
No  --17 24 20, 41 24 44
No  --17 24 21, 41 24 45
No  --17 24 22, 41 24 46
No  --17 24 23, 41 24 47
No  --18 1 19, 18 1 19
No  --18 1 20, 18 1 20
No  --18 1 21, 18 1 21
No  --18 1 22, 18 1 22
No  --18 1 23, 18 1 23
No  --18 1 24, 18 1 24
No  --18 2 19, 18 2 19
No  --18 2 20, 18 2 20
No  --18 2 21, 18 2 21
No  --18 2 22, 18 2 22
No  --18 2 23, 18 2 23
No  --18 2 24, 18 2 24
No  --18 3 19, 18 3 19
No  --18 3 20, 18 3 20
No  --18 3 21, 18 3 21
No  --18 3 22, 18 3 22
No  --18 3 23, 18 3 23
No  --18 3 24, 18 3 24
No  --18 4 19, 18 4 19
No  --18 4 20, 18 4 20
No  --18 4 21, 18 4 21
No  --18 4 22, 18 4 22
No  --18 4 23, 18 4 23
No  --18 4 24, 18 4 24
No  --18 5 19, 18 5 19
No  --18 5 20, 18 5 20
No  --18 5 21, 18 5 21
No  --18 5 22, 18 5 22
No  --18 5 23, 18 5 23
No  --18 5 24, 18 5 24
No  --18 6 19, 18 6 19
No  --18 6 20, 18 6 20
No  --18 6 21, 18 6 21
No  --18 6 22, 18 6 22
No  --18 6 23, 18 6 23
No  --18 6 24, 18 6 24
No  --18 7 19, 18 7 19
No  --18 7 20, 18 7 20
No  --18 7 21, 18 7 21
No  --18 7 22, 18 7 22
No  --18 7 23, 18 7 23
No  --18 7 24, 18 7 24
No  --18 8 19, 18 8 19
No  --18 8 20, 18 8 20
No  --18 8 21, 18 8 21
No  --18 8 22, 18 8 22
No  --18 8 23, 18 8 23
No  --18 8 24, 18 8 24
No  --18 9 19, 18 9 19
No  --18 9 20, 18 9 20
No  --18 9 21, 18 9 21
No  --18 9 22, 18 9 22
No  --18 9 23, 18 9 23
No  --18 9 24, 18 9 24
No  --18 10 19, 18 10 19
No  --18 10 20, 18 10 20
No  --18 10 21, 18 10 21
No  --18 10 22, 18 10 22
No  --18 10 23, 18 10 23
No  --18 10 24, 18 10 24
No  --18 11 19, 18 11 19
No  --18 11 20, 18 11 20
No  --18 11 21, 18 11 21
No  --18 11 22, 18 11 22
No  --18 11 23, 18 11 23
No  --18 11 24, 18 11 24
No  --18 12 19, 18 12 19
No  --18 12 20, 18 12 20
No  --18 12 21, 18 12 21
No  --18 12 22, 18 12 22
No  --18 12 23, 18 12 23
No  --18 12 24, 18 12 24
No  --18 13 19, 18 13 19
No  --18 13 20, 18 13 20
No  --18 13 21, 18 13 21
No  --18 13 22, 18 13 22
No  --18 13 23, 18 13 23
No  --18 13 24, 18 13 24
No  --18 14 19, 18 14 19
No  --18 14 20, 18 14 20
No  --18 14 21, 18 14 21
No  --18 14 22, 18 14 22
No  --18 14 23, 18 14 23
No  --18 14 24, 18 14 24
No  --18 15 19, 18 15 19
No  --18 15 20, 18 15 20
No  --18 15 21, 18 15 21
No  --18 15 22, 18 15 22
No  --18 15 23, 18 15 23
No  --18 15 24, 18 15 24
No  --18 16 19, 18 16 19
No  --18 16 20, 18 16 20
No  --18 16 21, 18 16 21
No  --18 16 22, 18 16 22
No  --18 16 23, 18 16 23
No  --18 16 24, 18 16 24
No  --18 17 19, 18 17 19
No  --18 17 20, 18 17 20
No  --18 17 21, 18 17 21
No  --18 17 22, 18 17 22
No  --18 17 23, 18 17 23
No  --18 17 24, 18 17 24
No  --18 20 19, 42 20 43
No  --18 21 19, 42 21 43
No  --18 21 20, 42 21 44
No  --18 22 19, 42 22 43
No  --18 22 20, 42 22 44
No  --18 22 21, 42 22 45
No  --18 23 19, 42 23 43
No  --18 23 20, 42 23 44
No  --18 23 21, 42 23 45
No  --18 23 22, 42 23 46
No  --18 24 19, 42 24 43
No  --18 24 20, 42 24 44
No  --18 24 21, 42 24 45
No  --18 24 22, 42 24 46
No  --18 24 23, 42 24 47
No  --19 1 20, 19 1 20
No  --19 1 21, 19 1 21
No  --19 1 22, 19 1 22
No  --19 1 23, 19 1 23
No  --19 1 24, 19 1 24
No  --19 2 20, 19 2 20
No  --19 2 21, 19 2 21
No  --19 2 22, 19 2 22
No  --19 2 23, 19 2 23
No  --19 2 24, 19 2 24
No  --19 3 20, 19 3 20
No  --19 3 21, 19 3 21
No  --19 3 22, 19 3 22
No  --19 3 23, 19 3 23
No  --19 3 24, 19 3 24
No  --19 4 20, 19 4 20
No  --19 4 21, 19 4 21
No  --19 4 22, 19 4 22
No  --19 4 23, 19 4 23
No  --19 4 24, 19 4 24
No  --19 5 20, 19 5 20
No  --19 5 21, 19 5 21
No  --19 5 22, 19 5 22
No  --19 5 23, 19 5 23
No  --19 5 24, 19 5 24
No  --19 6 20, 19 6 20
No  --19 6 21, 19 6 21
No  --19 6 22, 19 6 22
No  --19 6 23, 19 6 23
No  --19 6 24, 19 6 24
No  --19 7 20, 19 7 20
No  --19 7 21, 19 7 21
No  --19 7 22, 19 7 22
No  --19 7 23, 19 7 23
No  --19 7 24, 19 7 24
No  --19 8 20, 19 8 20
No  --19 8 21, 19 8 21
No  --19 8 22, 19 8 22
No  --19 8 23, 19 8 23
No  --19 8 24, 19 8 24
No  --19 9 20, 19 9 20
No  --19 9 21, 19 9 21
No  --19 9 22, 19 9 22
No  --19 9 23, 19 9 23
No  --19 9 24, 19 9 24
No  --19 10 20, 19 10 20
No  --19 10 21, 19 10 21
No  --19 10 22, 19 10 22
No  --19 10 23, 19 10 23
No  --19 10 24, 19 10 24
No  --19 11 20, 19 11 20
No  --19 11 21, 19 11 21
No  --19 11 22, 19 11 22
No  --19 11 23, 19 11 23
No  --19 11 24, 19 11 24
No  --19 12 20, 19 12 20
No  --19 12 21, 19 12 21
No  --19 12 22, 19 12 22
No  --19 12 23, 19 12 23
No  --19 12 24, 19 12 24
No  --19 13 20, 19 13 20
No  --19 13 21, 19 13 21
No  --19 13 22, 19 13 22
No  --19 13 23, 19 13 23
No  --19 13 24, 19 13 24
No  --19 14 20, 19 14 20
No  --19 14 21, 19 14 21
No  --19 14 22, 19 14 22
No  --19 14 23, 19 14 23
No  --19 14 24, 19 14 24
No  --19 15 20, 19 15 20
No  --19 15 21, 19 15 21
No  --19 15 22, 19 15 22
No  --19 15 23, 19 15 23
No  --19 15 24, 19 15 24
No  --19 16 20, 19 16 20
No  --19 16 21, 19 16 21
No  --19 16 22, 19 16 22
No  --19 16 23, 19 16 23
No  --19 16 24, 19 16 24
No  --19 17 20, 19 17 20
No  --19 17 21, 19 17 21
No  --19 17 22, 19 17 22
No  --19 17 23, 19 17 23
No  --19 17 24, 19 17 24
No  --19 18 20, 19 18 20
No  --19 18 21, 19 18 21
No  --19 18 22, 19 18 22
No  --19 18 23, 19 18 23
No  --19 18 24, 19 18 24
No  --19 21 20, 43 21 44
No  --19 22 20, 43 22 44
No  --19 22 21, 43 22 45
No  --19 23 20, 43 23 44
No  --19 23 21, 43 23 45
No  --19 23 22, 43 23 46
No  --19 24 20, 43 24 44
No  --19 24 21, 43 24 45
No  --19 24 22, 43 24 46
No  --19 24 23, 43 24 47
No  --20 1 21, 20 1 21
No  --20 1 22, 20 1 22
No  --20 1 23, 20 1 23
No  --20 1 24, 20 1 24
No  --20 2 21, 20 2 21
No  --20 2 22, 20 2 22
No  --20 2 23, 20 2 23
No  --20 2 24, 20 2 24
No  --20 3 21, 20 3 21
No  --20 3 22, 20 3 22
No  --20 3 23, 20 3 23
No  --20 3 24, 20 3 24
No  --20 4 21, 20 4 21
No  --20 4 22, 20 4 22
No  --20 4 23, 20 4 23
No  --20 4 24, 20 4 24
No  --20 5 21, 20 5 21
No  --20 5 22, 20 5 22
No  --20 5 23, 20 5 23
No  --20 5 24, 20 5 24
No  --20 6 21, 20 6 21
No  --20 6 22, 20 6 22
No  --20 6 23, 20 6 23
No  --20 6 24, 20 6 24
No  --20 7 21, 20 7 21
No  --20 7 22, 20 7 22
No  --20 7 23, 20 7 23
No  --20 7 24, 20 7 24
No  --20 8 21, 20 8 21
No  --20 8 22, 20 8 22
No  --20 8 23, 20 8 23
No  --20 8 24, 20 8 24
No  --20 9 21, 20 9 21
No  --20 9 22, 20 9 22
No  --20 9 23, 20 9 23
No  --20 9 24, 20 9 24
No  --20 10 21, 20 10 21
No  --20 10 22, 20 10 22
No  --20 10 23, 20 10 23
No  --20 10 24, 20 10 24
No  --20 11 21, 20 11 21
No  --20 11 22, 20 11 22
No  --20 11 23, 20 11 23
No  --20 11 24, 20 11 24
No  --20 12 21, 20 12 21
No  --20 12 22, 20 12 22
No  --20 12 23, 20 12 23
No  --20 12 24, 20 12 24
No  --20 13 21, 20 13 21
No  --20 13 22, 20 13 22
No  --20 13 23, 20 13 23
No  --20 13 24, 20 13 24
No  --20 14 21, 20 14 21
No  --20 14 22, 20 14 22
No  --20 14 23, 20 14 23
No  --20 14 24, 20 14 24
No  --20 15 21, 20 15 21
No  --20 15 22, 20 15 22
No  --20 15 23, 20 15 23
No  --20 15 24, 20 15 24
No  --20 16 21, 20 16 21
No  --20 16 22, 20 16 22
No  --20 16 23, 20 16 23
No  --20 16 24, 20 16 24
No  --20 17 21, 20 17 21
No  --20 17 22, 20 17 22
No  --20 17 23, 20 17 23
No  --20 17 24, 20 17 24
No  --20 18 21, 20 18 21
No  --20 18 22, 20 18 22
No  --20 18 23, 20 18 23
No  --20 18 24, 20 18 24
No  --20 19 21, 20 19 21
No  --20 19 22, 20 19 22
No  --20 19 23, 20 19 23
No  --20 19 24, 20 19 24
No  --20 22 21, 44 22 45
No  --20 23 21, 44 23 45
No  --20 23 22, 44 23 46
No  --20 24 21, 44 24 45
No  --20 24 22, 44 24 46
No  --20 24 23, 44 24 47
No  --21 1 22, 21 1 22
No  --21 1 23, 21 1 23
No  --21 1 24, 21 1 24
No  --21 2 22, 21 2 22
No  --21 2 23, 21 2 23
No  --21 2 24, 21 2 24
No  --21 3 22, 21 3 22
No  --21 3 23, 21 3 23
No  --21 3 24, 21 3 24
No  --21 4 22, 21 4 22
No  --21 4 23, 21 4 23
No  --21 4 24, 21 4 24
No  --21 5 22, 21 5 22
No  --21 5 23, 21 5 23
No  --21 5 24, 21 5 24
No  --21 6 22, 21 6 22
No  --21 6 23, 21 6 23
No  --21 6 24, 21 6 24
No  --21 7 22, 21 7 22
No  --21 7 23, 21 7 23
No  --21 7 24, 21 7 24
No  --21 8 22, 21 8 22
No  --21 8 23, 21 8 23
No  --21 8 24, 21 8 24
No  --21 9 22, 21 9 22
No  --21 9 23, 21 9 23
No  --21 9 24, 21 9 24
No  --21 10 22, 21 10 22
No  --21 10 23, 21 10 23
No  --21 10 24, 21 10 24
No  --21 11 22, 21 11 22
No  --21 11 23, 21 11 23
No  --21 11 24, 21 11 24
No  --21 12 22, 21 12 22
No  --21 12 23, 21 12 23
No  --21 12 24, 21 12 24
No  --21 13 22, 21 13 22
No  --21 13 23, 21 13 23
No  --21 13 24, 21 13 24
No  --21 14 22, 21 14 22
No  --21 14 23, 21 14 23
No  --21 14 24, 21 14 24
No  --21 15 22, 21 15 22
No  --21 15 23, 21 15 23
No  --21 15 24, 21 15 24
No  --21 16 22, 21 16 22
No  --21 16 23, 21 16 23
No  --21 16 24, 21 16 24
No  --21 17 22, 21 17 22
No  --21 17 23, 21 17 23
No  --21 17 24, 21 17 24
No  --21 18 22, 21 18 22
No  --21 18 23, 21 18 23
No  --21 18 24, 21 18 24
No  --21 19 22, 21 19 22
No  --21 19 23, 21 19 23
No  --21 19 24, 21 19 24
No  --21 20 22, 21 20 22
No  --21 20 23, 21 20 23
No  --21 20 24, 21 20 24
No  --21 23 22, 45 23 46
No  --21 24 22, 45 24 46
No  --21 24 23, 45 24 47
No  --22 1 23, 22 1 23
No  --22 1 24, 22 1 24
No  --22 2 23, 22 2 23
No  --22 2 24, 22 2 24
No  --22 3 23, 22 3 23
No  --22 3 24, 22 3 24
No  --22 4 23, 22 4 23
No  --22 4 24, 22 4 24
No  --22 5 23, 22 5 23
No  --22 5 24, 22 5 24
No  --22 6 23, 22 6 23
No  --22 6 24, 22 6 24
No  --22 7 23, 22 7 23
No  --22 7 24, 22 7 24
No  --22 8 23, 22 8 23
No  --22 8 24, 22 8 24
No  --22 9 23, 22 9 23
No  --22 9 24, 22 9 24
No  --22 10 23, 22 10 23
No  --22 10 24, 22 10 24
No  --22 11 23, 22 11 23
No  --22 11 24, 22 11 24
No  --22 12 23, 22 12 23
No  --22 12 24, 22 12 24
No  --22 13 23, 22 13 23
No  --22 13 24, 22 13 24
No  --22 14 23, 22 14 23
No  --22 14 24, 22 14 24
No  --22 15 23, 22 15 23
No  --22 15 24, 22 15 24
No  --22 16 23, 22 16 23
No  --22 16 24, 22 16 24
No  --22 17 23, 22 17 23
No  --22 17 24, 22 17 24
No  --22 18 23, 22 18 23
No  --22 18 24, 22 18 24
No  --22 19 23, 22 19 23
No  --22 19 24, 22 19 24
No  --22 20 23, 22 20 23
No  --22 20 24, 22 20 24
No  --22 21 23, 22 21 23
No  --22 21 24, 22 21 24
No  --22 24 23, 46 24 47
No  --23 1 24, 23 1 24
No  --23 2 24, 23 2 24
No  --23 3 24, 23 3 24
No  --23 4 24, 23 4 24
No  --23 5 24, 23 5 24
No  --23 6 24, 23 6 24
No  --23 7 24, 23 7 24
No  --23 8 24, 23 8 24
No  --23 9 24, 23 9 24
No  --23 10 24, 23 10 24
No  --23 11 24, 23 11 24
No  --23 12 24, 23 12 24
No  --23 13 24, 23 13 24
No  --23 14 24, 23 14 24
No  --23 15 24, 23 15 24
No  --23 16 24, 23 16 24
No  --23 17 24, 23 17 24
No  --23 18 24, 23 18 24
No  --23 19 24, 23 19 24
No  --23 20 24, 23 20 24
No  --23 21 24, 23 21 24
No  --23 22 24, 23 22 24
